0,74
0,47
0,44
0,41
0,38
0,35
0,32
0,29
0,26
0,23
0,71
0,68
0,65
0,62
0,59
0,56
0,53
0,50
0
0
0
0,30,36,42,75,57,66,60,39,69,24,63,48,54,27,45,33,51,72
2,23
2,24
2
2,26
2,27
2
2,29
2,30
2
2,32
2,33
2
2,35
2,36
2
2,38
2,39
2
2,41
2,42
2
2,44
2,45
2
2,47
2,48
2
2,50
2,51
2
2,53
2,54
2
2,56
2,57
2
2,59
2,60
2
2,62
2,63
2
2,65
2,66
2
2,68
2,69
2
2,71
2,72
2
2,74
2,75
2
3,129,92,133,95
3,126,88,132,94
3,97,127,90
3,96,117,76,119,89,118,93,77,91,87,78
3,103,99,138
3,101,135
3,98,121,100,102,80,120,81
3,148,141,109,116
3,105,111,144,140
3,114,112,145,107
3,104,108,115,113,83,124,123,110,122,106,85,84
4,88
4
4,90
4
4,92
4
4,94
4,95
4
4,97
4
4,99
4
4,101
4
4,103
4
4,105
4
4,107
4
4,109
4
4,111
4,112
4
4,114
4
4,116
4
5,125
5,128
5,130
5,134
5,136
5,139
5,142
5,146
6,126
6,127
6
6,129
6
6,131
6,132
6,133
6
6,135
6
6,137
6,138
6
6,140
6,141
6
6,143
6,144
6,145
6
6,147
6,148
6
14,22,31,125,64,110,46,67,49,143,70,40,55,58,73,25,37,34,61,28,43,52
13,113,102,134,96,137
13,87,104
14,131,139,93
13,115,147,128
13,91,108
13,100,89,106,98