0,90
0,63
0,60
0,57
0,54
0,51
0,48
0,45
0,42
0,39
0,36
0,87
0,33
0,30
0,27
0,84
0,81
0,78
0,75
0,72
0,69
0,66
0
0
0
0,34,40,46,79,61,70,64,73,28,43,67,52,58,31,49,91,82,88,55,76,37,85
2,27
2,28
2
2,30
2,31
2
2,33
2,34
2
2,36
2,37
2
2,39
2,40
2
2,42
2,43
2
2,45
2,46
2
2,48
2,49
2
2,51
2,52
2
2,54
2,55
2
2,57
2,58
2
2,60
2,61
2
2,63
2,64
2
2,66
2,67
2
2,69
2,70
2
2,72
2,73
2
2,75
2,76
2
2,78
2,79
2
2,81
2,82
2
2,84
2,85
2
2,87
2,88
2
2,90
2,91
2
3,111,108,149,145
3,142,104,148,110
3,113,143,106
3,94,112,133,103,107,135,105,134,93,92,109
3,119,115,154
3,151,117
3,114,137,116,118,96,97,136
3,157,125,132,164
3,121,127,160,156
3,128,161,130,123
3,120,124,139,131,99,140,100,126,138,122,129,101
4,104
4
4,106
4
4,108
4
4,110
4,111
4
4,113
4
4,115
4
4,117
4
4,119
4
4,121
4
4,123
4
4,125
4
4,127
4,128
4
4,130
4
4,132
4
5,141
5,144
5,146
5,150
5,152
5,155
5,158
5,162
6,142
6,143
6
6,145
6
6,147
6,148
6,149
6
6,151
6
6,153
6,154
6
6,156
6,157
6
6,159
6,160
6,161
6
6,163
6,164
6
14,26,35,68,83,126,50,86,71,53,74,44,59,62,77,29,38,159,41,141,89,65,32,47,56,80
13,118,153,150,129,112
13,120,103
14,109,155,147
13,131,144,163
13,107,124
13,116,114,105,122