0,58
0,31
0,28
0,25
0,22
0,19
0,55
0,52
0,49
0,46
0,43
0,40
0,37
0,34
0
0
0
0,26,32,38,53,56,35,20,59,44,50,23,41,47,29
2,19
2,20
2
2,22
2,23
2
2,25
2,26
2
2,28
2,29
2
2,31
2,32
2
2,34
2,35
2
2,37
2,38
2
2,40
2,41
2
2,43
2,44
2
2,46
2,47
2
2,49
2,50
2
2,52
2,53
2
2,55
2,56
2
2,58
2,59
2
3,113,76,117,79
3,72,110,116,78
3,81,111,74
3,80,62,101,71,103,73,102,77,61,60,75
3,87,83,122
3,85,119
3,82,105,84,86,64,104,65
3,93,100,125,132
3,89,95,128,124
3,129,96,98,91
3,88,92,99,67,108,107,94,106,90,69,68,97
4,72
4
4,74
4
4,76
4
4,78
4,79
4
4,81
4
4,83
4
4,85
4
4,87
4
4,89
4
4,91
4
4,93
4
4,95
4,96
4
4,98
4
4,100
4
5,109
5,112
5,114
5,118
5,120
5,123
5,126
5,130
6,110
6,111
6
6,113
6
6,115
6,116
6,117
6
6,119
6
6,121
6,122
6
6,124
6,125
6
6,127
6,128
6,129
6
6,131
6,132
6
14,27,109,94,42,18,45,36,51,54,21,30,127,33,57,24,39,48
13,118,86,97,80,121
13,88,71
14,77,115,123
13,99,131,112
13,75,92
13,84,73,82,90