0,66
0,39
0,36
0,33
0,30
0,27
0,24
0,21
0,63
0,60
0,57
0,54
0,51
0,48
0,45
0,42
0
0
0
0,28,34,40,55,64,58,37,67,22,61,46,52,25,43,49,31
2,21
2,22
2
2,24
2,25
2
2,27
2,28
2
2,30
2,31
2
2,33
2,34
2
2,36
2,37
2
2,39
2,40
2
2,42
2,43
2
2,45
2,46
2
2,48
2,49
2
2,51
2,52
2
2,54
2,55
2
2,57
2,58
2
2,60
2,61
2
2,63
2,64
2
2,66
2,67
2
3,121,84,125,87
3,80,118,124,86
3,89,119,82
3,88,70,109,79,83,111,81,110,69,68,85
3,95,91,130
3,93,127
3,90,113,92,112,94,72,73
3,108,133,101,140
3,97,103,136,132
3,104,137,106,99
3,96,100,75,107,116,115,102,114,98,105,77,76
4,80
4
4,82
4
4,84
4
4,86
4,87
4
4,89
4
4,91
4
4,93
4
4,95
4
4,97
4
4,99
4
4,101
4
4,103
4,104
4
4,106
4
4,108
4
5,117
5,120
5,122
5,126
5,128
5,131
5,134
5,138
6,118
6,119
6
6,121
6
6,123
6,124
6,125
6
6,127
6
6,129
6,130
6
6,132
6,133
6
6,135
6,136
6,137
6
6,139
6,140
6
14,29,62,44,65,20,47,38,53,56,23,32,135,35,117,102,59,26,41,50
13,94,126,105,88,129
13,96,79
14,85,131,123
13,107,120,139
13,83,100
13,92,81,98,90