0,50
0,23
0,20
0,17
0,47
0,44
0,41
0,38
0,35
0,32
0,29
0,26
0
0
0
0,24,30,36,27,51,33,18,42,48,21,39,45
2,17
2,18
2
2,20
2,21
2
2,23
2,24
2
2,26
2,27
2
2,29
2,30
2
2,32
2,33
2
2,35
2,36
2
2,38
2,39
2
2,41
2,42
2
2,44
2,45
2
2,47
2,48
2
2,50
2,51
2
3,105,68,109,71
3,102,64,108,70
3,73,103,66
3,72,54,93,63,95,65,94,53,52,67,69
3,79,75,114
3,77,111
3,74,97,76,78,96,57,56
3,117,85,92,124
3,81,87,120,116
3,88,121,90,83
3,80,84,91,59,100,98,99,61,82,89,86,60
4,64
4
4,66
4
4,68
4
4,70
4,71
4
4,73
4
4,75
4
4,77
4
4,79
4
4,81
4
4,83
4
4,85
4
4,87
4,88
4
4,90
4
4,92
4
5,101
5,104
5,106
5,110
5,112
5,115
5,118
5,122
6,102
6,103
6
6,105
6
6,107
6,108
6,109
6
6,111
6
6,113
6,114
6
6,116
6,117
6
6,119
6,120
6,121
6
6,123
6,124
6
14,16,25,101,86,43,34,49,19,28,31,119,22,37,46,40
13,78,113,110,89,72
13,80,63
14,69,115,107
13,91,123,104
13,67,84
13,76,74,65,82