0,122
0,95
0,92
0,89
0,86
0,83
0,80
0,77
0,74
0,71
0,68
0,119
0,65
0,62
0,59
0,56
0,53
0,50
0,47
0,44
0,41
0,38
0,116
0,35
0,113
0,110
0,107
0,104
0,101
0,98
0
0
0
0,42,48,54,87,117,105,69,78,111,72,102,108,51,81,75,60,36,66,39,57,99,120,90,96,63,84,114,45,123,93
2,35
2,36
2
2,38
2,39
2
2,41
2,42
2
2,44
2,45
2
2,47
2,48
2
2,50
2,51
2
2,53
2,54
2
2,56
2,57
2
2,59
2,60
2
2,62
2,63
2
2,65
2,66
2
2,68
2,69
2
2,71
2,72
2
2,74
2,75
2
2,77
2,78
2
2,80
2,81
2
2,83
2,84
2
2,86
2,87
2
2,89
2,90
2
2,92
2,93
2
2,95
2,96
2
2,98
2,99
2
2,101
2,102
2
2,104
2,105
2
2,107
2,108
2
2,110
2,111
2
2,113
2,114
2
2,116
2,117
2
2,119
2,120
2
2,122
2,123
2
3,177,140,181,143
3,174,136,180,142
3,145,175,138
3,126,144,165,137,167,166,125,124,139,135,141
3,151,147,186
3,149,183
3,146,169,150,129,128,168,148
3,196,189,157,164
3,153,159,192,188
3,155,193,160,162
3,156,131,163,172,158,171,170,154,161,133,132,152
4,136
4
4,138
4
4,140
4
4,142
4,143
4
4,145
4
4,147
4
4,149
4
4,151
4
4,153
4
4,155
4
4,157
4
4,159
4,160
4
4,162
4
4,164
4
5,173
5,176
5,178
5,182
5,184
5,187
5,190
5,194
6,174
6,175
6
6,177
6
6,179
6,180
6,181
6
6,183
6
6,185
6,186
6
6,188
6,189
6
6,191
6,192
6,193
6
6,195
6,196
6
14,118,34,43,173,76,158,58,94,109,85,79,191,121,82,52,67,70,112,37,103,61,46,49,106,97,91,73,40,55,64,100,88,115
13,185,182,144,150,161
13,135,152
14,141,179,187
13,163,176,195
13,139,156
13,148,137,154,146