0
0
0
0,103
0
0,97
0
0,91
0
0
0,85
0
0
0
0
0
0
0,100
0
0
0
0
0
0
0
0
0
0
0
0
0
0
0
0
0
0
0
0
0
0,88
0
0
0
0
0
0
0
0
0
0
0
0
0
0
0
0,94
0
0
0,102
0,99
0,96
0,93
0,90
0,87
0,84
0
0
0
0
0
0
0
0
0
0
0
0
0
0
0
0
0
0
2,84
2,85
2
2,87
2,88
2
2,90
2,91
2
2,93
2,94
2
2,96
2,97
2
2,99
2,100
2
2,102
2,103
2
3,136,142,145
3,132,139,141,218
3,134,144,221
3,217,220,130,138
3,143,204,106,129,140,135,133,107,137,105,203,104,131
3,227,153,147,224
3,225,149,154
3,228,151
3,148,150,152,206,110,205,109,146,111
3,158,235,165
3,163,166,160,232
3,162,234,156,231
3,164,155,207,114,157,113,161,208,159,115
3,172,175,178,239
3,177,241,168,238
3,174,242,170
3,119,167,117,209,173,118,169,171,176,210
3,187,189,246,182
3,184,249,190
3,248,245,180,186
3,183,185,179,122,188,212,211,123,181,121
3,199,256,196
3,252,192,201,255
3,198,202,194,253
3,197,127,200,213,126,195,214,125,191,193
4,130
4
4,132
4
4,134
4
4,136
4
4,138
4,139
4
4,141
4,142
4
4,144
4,145
4
4,147
4
4,149
4
4,151
4
4,153
4,154
4
4,156
4
4,158
4
4,160
4
4,162
4,163
4
4,165
4,166
4
4,168
4
4,170
4
4,172
4
4,174
4,175
4
4,177
4,178
4
4,180
4
4,182
4
4,184
4
4,186
4,187
4
4,189
4,190
4
4,192
4
4,194
4
4,196
4
4,198
4,199
4
4,201
4,202
4
5,215
5,219
5,222
5,226
5,229
5,233
5,236
5,240
5,243
5,247
5,250
5,254
6,216
6,217
6,218
6
6,220
6,221
6
6,223
6,224
6,225
6
6,227
6,228
6
6,230
6,231
6,232
6
6,234
6,235
6
6,237
6,238
6,239
6
6,241
6,242
6
6,244
6,245
6,246
6
6,248
6,249
6
6,251
6,252
6,253
6
6,255
6,256
6
13,146,181,157
13,148,150
14,83,92,216,161,237,137,230,101,223,86,247,254,95,164,173,98,226,219,188,89,176,197,152
13,135
14,200,240,244,251,185,233
14,140,143
13,131,183,133,171,159,195
13,191,179,167,155
13,169,129,193