0
0
0
0
0
0
0
0
0,410,248
0,203
0
0
0,422
0,392
0,302
0,242,275,263,281
0,236,404,212,341,305
0,200
0,332
0
0,347,278
0,380
0,383
0,377,344
0,395,308
0,317,284
0,338,224
0,386,197,401
0,416,230
0,419
0
0,245,266
0,368
0
0
0
0
0
0
0
0
0
0
0
0
0
0
0
0
0
0
0
0
0
0
0
0
0
0
0,292
0,352
0,208
0,340
0,253
0,214
0,301
0,205
0,391
0,337
0,259
0,196
0,406
0,412
0,364
0,361
0,283
0,289
0,376
0,385
0,367
0,244
0,211
0,229
0,235
0,379
0,232
0,394
0,325
0,418
0,316
0,373
0,268
0,199
0,370
0,334
0,409
0,313
0,226
0,397
0,274
0,250
0,400
0,415
0,355
0,388
0,298
0,304
0,193
0,331
0,271
0,328
0,295
0,223
0,346
0,310
0,262
0,190
0,382
0,319
0,349
0,202
0,217
0,241
0,421
0,247
0,403
0,220
0,280
0,343
0,307
0,322
0,238
0,358
0,256
0,265
0,277
0,286
0,215,350
0
0
0,191
0
0,269,353,389,218
0,272,311
0,260
0
0,359,254,356
0,323
0,239
0,335
0,299,320,374
0,371,257
0,362
0
0,407,206
0
0,227,233
0,209,398,251,194,221
0,413
0,326,296
0
0,329,293,365,314
0,290,287
0
0
0
0
0
0
0
0
0
0
0
0
0
0
0
0
0
0
0
0
0
0
0
0
0
0
2,190
2,191
2
2,193
2,194
2
2,196
2,197
2
2,199
2,200
2
2,202
2,203
2
2,205
2,206
2
2,208
2,209
2
2,211
2,212
2
2,214
2,215
2
2,217
2,218
2
2,220
2,221
2
2,223
2,224
2
2,226
2,227
2
2,229
2,230
2
2,232
2,233
2
2,235
2,236
2
2,238
2,239
2
2,241
2,242
2
2,244
2,245
2
2,247
2,248
2
2,250
2,251
2
2,253
2,254
2
2,256
2,257
2
2,259
2,260
2
2,262
2,263
2
2,265
2,266
2
2,268
2,269
2
2,271
2,272
2
2,274
2,275
2
2,277
2,278
2
2,280
2,281
2
2,283
2,284
2
2,286
2,287
2
2,289
2,290
2
2,292
2,293
2
2,295
2,296
2
2,298
2,299
2
2,301
2,302
2
2,304
2,305
2
2,307
2,308
2
2,310
2,311
2
2,313
2,314
2
2,316
2,317
2
2,319
2,320
2
2,322
2,323
2
2,325
2,326
2
2,328
2,329
2
2,331
2,332
2
2,334
2,335
2
2,337
2,338
2
2,340
2,341
2
2,343
2,344
2
2,346
2,347
2
2,349
2,350
2
2,352
2,353
2
2,355
2,356
2
2,358
2,359
2
2,361
2,362
2
2,364
2,365
2
2,367
2,368
2
2,370
2,371
2
2,373
2,374
2
2,376
2,377
2
2,379
2,380
2
2,382
2,383
2
2,385
2,386
2
2,388
2,389
2
2,391
2,392
2
2,394
2,395
2
2,397
2,398
2
2,400
2,401
2
2,403
2,404
2
2,406
2,407
2
2,409
2,410
2
2,412
2,413
2
2,415
2,416
2
2,418
2,419
2
2,421
2,422
2
3,455,461,464
3,460,458,451,537
3,463,453,540
3,539,449,536,457
3,523,454,452,426,522,424,450,462,448,425,459,423,456
3,546,543,472,466
3,473,544,468
3,470,547
3,465,430,525,469,471,428,429,467,524
3,484,477,554
3,551,482,485,479
3,475,481,553,550
3,483,474,433,527,478,480,432,526,476,434
3,497,491,494,558
3,496,557,560,487
3,493,489,561
3,492,528,495,436,488,490,529,438,486,437
3,565,501,506,508
3,503,568,509
3,505,499,567,564
3,442,500,531,440,498,441,530,504,507,502
3,575,515,518
3,571,511,574,520
3,521,572,517,513
3,532,514,519,510,444,533,446,512,516,445
4,449
4
4,451
4
4,453
4
4,455
4
4,457
4,458
4
4,460
4,461
4
4,463
4,464
4
4,466
4
4,468
4
4,470
4
4,472
4,473
4
4,475
4
4,477
4
4,479
4
4,481
4,482
4
4,484
4,485
4
4,487
4
4,489
4
4,491
4
4,493
4,494
4
4,496
4,497
4
4,499
4
4,501
4
4,503
4
4,505
4,506
4
4,508
4,509
4
4,511
4
4,513
4
4,515
4
4,517
4,518
4
4,520
4,521
4
5,534
5,538
5,541
5,545
5,548
5,552
5,555
5,559
5,562
5,566
5,569
5,573
6,535
6,536
6,537
6
6,539
6,540
6
6,542
6,543
6,544
6
6,546
6,547
6
6,549
6,550
6,551
6
6,553
6,554
6
6,556
6,557
6,558
6
6,560
6,561
6
6,563
6,564
6,565
6
6,567
6,568
6
6,570
6,571
6,572
6
6,574
6,575
6
13,465,500,476
13,467,469
14,456,249,549,216,333,237,384,324,240,267,300,393,369,285,306,507,210,318,219,255,327,360,282,288,246,480,213,264,399,375,348,207,225,291,471,420,294,492,363,309,417,228,270,345,273,189,556,516,336,276,222,342,192,258,381,339,354,573,201,408,303,483,315,204,535,545,402,297,252,414,538,312,195,378,495,405,330,396,198,231,566,279,321,387,234,351,390,357,366,542,261,411,372,243
13,454
14,563,552,519,559,570,504
14,462,459
13,450,502,478,452,490,514
13,510,486,498,474
13,448,488,512