0
0
0
0
0
0,293,206
0,152
0,188
0,266,212
0,239
0
0,167
0
0
0
0
0,143,299,200,233,194
0,287,221
0,230,296,302,191
0
0,275
0,224
0
0,242,272,149
0
0
0
0
0
0
0
0
0
0
0
0
0
0
0
0
0
0
0
0,217
0,292
0,190
0,265
0,232
0,256
0,154
0,247
0,151
0,142
0,202
0,301
0,277
0,226
0,172
0,145
0,181
0,196
0,178
0,262
0,298
0,289
0,268
0,244
0,193
0,235
0,184
0,223
0,169
0,238
0,220
0,208
0,304
0,187
0,148
0,157
0,163
0,271
0,175
0,274
0
0,286
0,295
0,259
0,205
0,241
0,280
0,253
0,160
0,283
0,250
0,229
0,211
0,166
0,139
0,214
0,199
0,254,176
0,179,218
0,158,248
0,236
0
0,227,278,173
0,209
0,245,263
0,305,182,203,197
0,290,146,170
0,260,155
0
0,161,284
0,185
0,164
0,140,251
0,269
0
0,257,215,281
0
0
0
0
0
0
0
0
0
0
0
0
0
0
0
0
0
0
0
2,139
2,140
2
2,142
2,143
2
2,145
2,146
2
2,148
2,149
2
2,151
2,152
2
2,154
2,155
2
2,157
2,158
2
2,160
2,161
2
2,163
2,164
2
2,166
2,167
2
2,169
2,170
2
2,172
2,173
2
2,175
2,176
2
2,178
2,179
2
2,181
2,182
2
2,184
2,185
2
2,187
2,188
2
2,190
2,191
2
2,193
2,194
2
2,196
2,197
2
2,199
2,200
2
2,202
2,203
2
2,205
2,206
2
2,208
2,209
2
2,211
2,212
2
2,214
2,215
2
2,217
2,218
2
2,220
2,221
2
2,223
2,224
2
2,226
2,227
2
2,229
2,230
2
2,232
2,233
2
2,235
2,236
2
2,238
2,239
2
2,241
2,242
2
2,244
2,245
2
2,247
2,248
2
2,250
2,251
2
2,253
2,254
2
2,256
2,257
2
2,259
2,260
2
2,262
2,263
2
2,265
2,266
2
2,268
2,269
2
2,271
2,272
2
2,274
2,275
2
2,277
2,278
2
2,280
2,281
2
2,283
2,284
2
2,286
2,287
2
2,289
2,290
2
2,292
2,293
2
2,295
2,296
2
2,298
2,299
2
2,301
2,302
2
2,304
2,305
2
3,338,344,347
3,334,341,343,420
3,346,336,423
3,422,332,419,340
3,406,337,335,309,405,307,333,345,331,308,342,339,306
3,426,355,349,429
3,356,351,427
3,353,430
3,348,313,408,352,354,312,311,350,407
3,367,437,360
3,434,365,368,362
3,358,364,436,433
3,366,357,409,410,361,363,315,317,316,359
3,380,374,377,441
3,379,440,443,370
3,376,372,444
3,411,378,319,371,373,412,321,375,369,320
3,448,384,391,389
3,451,386,392
3,447,382,388,450
3,325,383,381,323,324,413,385,387,390,414
3,458,398,401
3,454,394,457,403
3,404,455,400,396
3,415,397,402,393,327,399,416,329,395,328
4,332
4
4,334
4
4,336
4
4,338
4
4,340
4,341
4
4,343
4,344
4
4,346
4,347
4
4,349
4
4,351
4
4,353
4
4,355
4,356
4
4,358
4
4,360
4
4,362
4
4,364
4,365
4
4,367
4,368
4
4,370
4
4,372
4
4,374
4
4,376
4,377
4
4,379
4,380
4
4,382
4
4,384
4
4,386
4
4,388
4,389
4
4,391
4,392
4
4,394
4
4,396
4
4,398
4
4,400
4,401
4
4,403
4,404
4
5,417
5,421
5,424
5,428
5,431
5,435
5,438
5,442
5,445
5,449
5,452
5,456
6,418
6,419
6,420
6
6,422
6,423
6
6,425
6,426
6,427
6
6,429
6,430
6
6,432
6,433
6,434
6
6,436
6,437
6
6,439
6,440
6,441
6
6,443
6,444
6
6,446
6,447
6,448
6
6,450
6,451
6
6,453
6,454
6,455
6
6,457
6,458
6
13,348,383,359
13,350,352
14,267,339,198,174,165,273,399,189,216,249,234,255,390,159,204,276,219,231,237,432,418,195,363,162,213,186,297,156,240,243,375,258,177,294,222,138,439,285,225,171,291,141,207,288,303,150,252,366,153,428,246,201,421,261,378,354,279,456,147,180,449,228,270,183,282,300,168,425,210,192,144,264
13,337
14,446,435,402,442,453,387
14,345,342
13,333,385,373,361,335,397
13,381,393,357,369
13,371,395,331