0
0
0
0
0
0,87,114
0
0
0,108
0,81,102
0,135,96
0,120,126,141,117
0
0
0
0
0
0
0
0
0
0
0
0,143
0,125
0,92
0,158
0,98
0,137
0,161
0,89
0,116
0,104
0,95
0,83
0,155
0,119
0,77
0,74
0,107
0,128
0,86
0,122
0,152
0,146
0,140
0,113
0,131
0,80
0,110
0,101
0,149
0,134
0,144
0,111,78
0,153,150,75
0,159,84,123
0,138
0,93,162,147,129
0,132,90
0,99,105
0,156
0
0
0
0
0
0
0
0
0
0
0
2,74
2,75
2
2,77
2,78
2
2,80
2,81
2
2,83
2,84
2
2,86
2,87
2
2,89
2,90
2
2,92
2,93
2
2,95
2,96
2
2,98
2,99
2
2,101
2,102
2
2,104
2,105
2
2,107
2,108
2
2,110
2,111
2
2,113
2,114
2
2,116
2,117
2
2,119
2,120
2
2,122
2,123
2
2,125
2,126
2
2,128
2,129
2
2,131
2,132
2
2,134
2,135
2
2,137
2,138
2
2,140
2,141
2
2,143
2,144
2
2,146
2,147
2
2,149
2,150
2
2,152
2,153
2
2,155
2,156
2
2,158
2,159
2
2,161
2,162
2
3,195,201,204
3,200,198,191,277
3,203,193,280
3,279,189,276,197
3,192,166,262,164,190,202,188,165,199,194,196,263,163
3,283,206,286,212
3,213,284,208
3,210,287
3,205,265,170,209,211,169,168,207,264
3,224,217,294
3,291,222,225,219
3,215,221,293,290
3,223,214,173,267,218,220,172,174,216,266
3,237,231,234,298
3,236,300,227,297
3,233,229,301
3,268,235,176,228,230,269,178,232,226,177
3,305,241,248,246
3,243,249,308
3,304,239,245,307
3,182,240,271,238,180,181,270,242,244,247
3,315,255,258
3,311,251,314,260
3,261,312,257,253
3,272,259,250,184,256,254,273,186,252,185
4,189
4
4,191
4
4,193
4
4,195
4
4,197
4,198
4
4,200
4,201
4
4,203
4,204
4
4,206
4
4,208
4
4,210
4
4,212
4,213
4
4,215
4
4,217
4
4,219
4
4,221
4,222
4
4,224
4,225
4
4,227
4
4,229
4
4,231
4
4,233
4,234
4
4,236
4,237
4
4,239
4
4,241
4
4,243
4
4,245
4,246
4
4,248
4,249
4
4,251
4
4,253
4
4,255
4
4,257
4,258
4
4,260
4,261
4
5,274
5,278
5,281
5,285
5,288
5,292
5,295
5,299
5,302
5,306
5,309
5,313
6,275
6,276
6,277
6
6,279
6,280
6
6,282
6,283
6,284
6
6,286
6,287
6
6,289
6,290
6,291
6
6,293
6,294
6
6,296
6,297
6,298
6
6,300
6,301
6
6,303
6,304
6,305
6
6,307
6,308
6
6,310
6,311
6,312
6
6,314
6,315
6
13,205,240,216
13,207,209
14,196,133,296,100,121,256,124,151,247,94,103,139,154,289,130,220,97,109,232,112,157,73,145,160,106,76,142,306,85,223,88,275,285,136,278,235,211,148,313,82,115,118,282,127,79,91
13,194
14,303,292,299,310,259,244
14,202,199
13,190,242,254,218,192,230
13,250,214,226,238
13,188,228,252