0
0
0
0
0
0,245
0
0
0
0,170,194,233
0,164
0
0
0,224,290
0,281,143
0,185
0,176
0
0,299,293
0,158,242
0,239
0,284
0,215
0,167,218,254
0
0
0
0
0
0
0
0
0
0
0
0
0
0
0
0
0
0
0
0,187
0,217
0,163
0,202
0,283
0,253
0,259
0,298
0,226
0,256
0,145
0,154
0,295
0,232
0,139
0,205
0,208
0,220
0,229
0,178
0,235
0,172
0,196
0,160
0,175
0,277
0,244
0,268
0,190
0,166
0,238
0,289
0,292
0,262
0,181
0,247
0,193
0,157
0,142
0,169
0,148
0,286
0,151
0,184
0,223
0,241
0,211
0,301
0,199
0
0
0,274
0,265
0,214
0,250
0,271
0,280
0,197,302
0
0,236,212
0,149,188,191,227
0,272,266
0,257,206
0,260,248,152,269
0,251
0,182
0,200,275,179
0,173,161
0,203
0
0,221
0
0,287,278,140,155
0,230,263
0,146
0,209,296
0
0
0
0
0
0
0
0
0
0
0
0
0
0
0
0
0
0
0
2,139
2,140
2
2,142
2,143
2
2,145
2,146
2
2,148
2,149
2
2,151
2,152
2
2,154
2,155
2
2,157
2,158
2
2,160
2,161
2
2,163
2,164
2
2,166
2,167
2
2,169
2,170
2
2,172
2,173
2
2,175
2,176
2
2,178
2,179
2
2,181
2,182
2
2,184
2,185
2
2,187
2,188
2
2,190
2,191
2
2,193
2,194
2
2,196
2,197
2
2,199
2,200
2
2,202
2,203
2
2,205
2,206
2
2,208
2,209
2
2,211
2,212
2
2,214
2,215
2
2,217
2,218
2
2,220
2,221
2
2,223
2,224
2
2,226
2,227
2
2,229
2,230
2
2,232
2,233
2
2,235
2,236
2
2,238
2,239
2
2,241
2,242
2
2,244
2,245
2
2,247
2,248
2
2,250
2,251
2
2,253
2,254
2
2,256
2,257
2
2,259
2,260
2
2,262
2,263
2
2,265
2,266
2
2,268
2,269
2
2,271
2,272
2
2,274
2,275
2
2,277
2,278
2
2,280
2,281
2
2,283
2,284
2
2,286
2,287
2
2,289
2,290
2
2,292
2,293
2
2,295
2,296
2
2,298
2,299
2
2,301
2,302
2
3,335,341,344
3,340,338,331,417
3,343,333,420
3,329,419,416,337
3,403,334,332,306,402,304,330,342,328,339,336,305,303
3,423,352,346,426
3,424,348,353
3,427,350
3,345,310,405,349,351,309,308,347,404
3,364,357,434
3,431,362,365,359
3,355,361,433,430
3,363,354,313,407,358,360,312,314,356,406
3,377,371,374,438
3,376,437,440,367
3,373,369,441
3,408,375,316,368,409,318,317,372,370,366
3,381,386,388,445
3,448,383,389
3,444,379,385,447
3,322,380,378,320,321,410,411,384,387,382
3,455,395,398
3,451,391,454,400
3,401,452,397,393
3,412,394,399,390,324,396,413,326,392,325
4,329
4
4,331
4
4,333
4
4,335
4
4,337
4,338
4
4,340
4,341
4
4,343
4,344
4
4,346
4
4,348
4
4,350
4
4,352
4,353
4
4,355
4
4,357
4
4,359
4
4,361
4,362
4
4,364
4,365
4
4,367
4
4,369
4
4,371
4
4,373
4,374
4
4,376
4,377
4
4,379
4
4,381
4
4,383
4
4,385
4,386
4
4,388
4,389
4
4,391
4
4,393
4
4,395
4
4,397
4,398
4
4,400
4,401
4
5,414
5,418
5,421
5,425
5,428
5,432
5,435
5,439
5,442
5,446
5,449
5,453
6,415
6,416
6,417
6
6,419
6,420
6
6,422
6,423
6,424
6
6,426
6,427
6
6,429
6,430
6,431
6
6,433
6,434
6
6,436
6,437
6,438
6
6,440
6,441
6
6,443
6,444
6,445
6
6,447
6,448
6
6,450
6,451
6,452
6
6,454
6,455
6
13,345,380,356
13,347,349
14,153,267,246,198,429,201,165,273,396,189,216,249,234,255,387,159,168,204,336,276,219,231,237,415,195,360,162,156,174,240,243,372,258,177,186,294,222,138,436,285,225,171,141,207,446,291,252,363,264,425,418,261,375,351,213,279,453,147,180,288,228,270,183,282,300,297,422,210,150,144,192
13,334
14,443,432,399,439,450,384
14,342,339
13,330,382,358,332,370,394
13,390,354,366,378
13,328,368,392