0
0
0
0
0
0
0
0,274,436
0,262
0
0,268
0
0
0,403
0,238,394,445,385,217,364
0,310,442
0,400,205
0,325,322,214
0,406
0
0,358,295,256,367
0,352
0
0,409
0
0
0
0,259
0,439
0
0,373,226,208,391,232,376,280
0,265
0
0,346,298
0,319,355
0
0
0
0
0
0
0
0
0
0
0
0
0
0
0
0
0
0
0
0
0
0
0
0
0
0
0
0
0,378
0,423
0,216
0,366
0,375
0,384
0,315
0,285
0,270
0
0,351
0,261
0,288
0,207
0,324
0,252
0,210
0,321
0,360
0,447
0,234
0,414
0,381
0,282
0,225
0,339
0,441
0,435
0,267
0,333
0,429
0,243
0,303
0,393
0,204
0,219
0,402
0,312
0,438
0,369
0,399
0,345
0,240
0,222
0,444
0,327
0,396
0,348
0,258
0,306
0,231
0,273
0,405
0,300
0,417
0,390
0,354
0,426
0,213
0,318
0,357
0,294
0,264
0,336
0,279
0,450
0,246
0,228
0,249
0,420
0,309
0,330
0,363
0,372
0,297
0,291
0,408
0,432
0,411
0,342
0,276
0,387
0,255
0,237
0,253,229
0
0,328,283
0
0,427,349
0,448
0,220,235,361,340
0,223
0,241,313,421,244
0,433
0,451,334,304
0
0,250,337
0
0,277
0,424
0,397,415
0,418,388,331,382,412,247
0,289
0,430
0,301,211,292,379
0,271
0,343
0
0,316
0,370
0,286
0,307
0
0
0
0
0
0
0
0
0
0
0
0
0
0
0
0
0
0
0
0
0
0
0
0
0
0
0
0
2,204
2,205
2
2,207
2,208
2
2,210
2,211
2
2,213
2,214
2
2,216
2,217
2
2,219
2,220
2
2,222
2,223
2
2,225
2,226
2
2,228
2,229
2
2,231
2,232
2
2,234
2,235
2
2,237
2,238
2
2,240
2,241
2
2,243
2,244
2
2,246
2,247
2
2,249
2,250
2
2,252
2,253
2
2,255
2,256
2
2,258
2,259
2
2,261
2,262
2
2,264
2,265
2
2,267
2,268
2
2,270
2,271
2
2,273
2,274
2
2,276
2,277
2
2,279
2,280
2
2,282
2,283
2
2,285
2,286
2
2,288
2,289
2
2,291
2,292
2
2,294
2,295
2
2,297
2,298
2
2,300
2,301
2
2,303
2,304
2
2,306
2,307
2
2,309
2,310
2
2,312
2,313
2
2,315
2,316
2
2,318
2,319
2
2,321
2,322
2
2,324
2,325
2
2,327
2,328
2
2,330
2,331
2
2,333
2,334
2
2,336
2,337
2
2,339
2,340
2
2,342
2,343
2
2,345
2,346
2
2,348
2,349
2
2,351
2,352
2
2,354
2,355
2
2,357
2,358
2
2,360
2,361
2
2,363
2,364
2
2,366
2,367
2
2,369
2,370
2
2,372
2,373
2
2,375
2,376
2
2,378
2,379
2
2,381
2,382
2
2,384
2,385
2
2,387
2,388
2
2,390
2,391
2
2,393
2,394
2
2,396
2,397
2
2,399
2,400
2
2,402
2,403
2
2,405
2,406
2
2,408
2,409
2
2,411
2,412
2
2,414
2,415
2
2,417
2,418
2
2,420
2,421
2
2,423
2,424
2
2,426
2,427
2
2,429
2,430
2
2,432
2,433
2
2,435
2,436
2
2,438
2,439
2
2,441
2,442
2
2,444
2,445
2
2,447
2,448
2
2,450
2,451
2
3,484,490,493
3,489,487,480,566
3,492,482,569
3,568,565,478,486
3,552,491,483,481,455,551,453,479,477,454,488,485,452
3,572,501,495,575
3,573,497,502
3,576,499
3,494,459,554,500,498,458,457,496,553
3,583,513,506
3,580,511,514,508
3,504,510,582,579
3,512,503,556,507,505,509,461,463,462,555
3,526,520,523,587
3,525,586,589,516
3,522,518,590
3,557,521,524,465,517,519,467,515,466,558
3,594,530,535,537
3,532,597,538
3,593,528,534,596
3,471,559,529,560,527,469,470,536,531,533
3,547,604,544
3,540,600,603,549
3,550,601,546,542
3,561,543,473,548,539,545,562,475,541,474
4,478
4
4,480
4
4,482
4
4,484
4
4,486
4,487
4
4,489
4,490
4
4,492
4,493
4
4,495
4
4,497
4
4,499
4
4,501
4,502
4
4,504
4
4,506
4
4,508
4
4,510
4,511
4
4,513
4,514
4
4,516
4
4,518
4
4,520
4
4,522
4,523
4
4,525
4,526
4
4,528
4
4,530
4
4,532
4
4,534
4,535
4
4,537
4,538
4
4,540
4
4,542
4
4,544
4
4,546
4,547
4
4,549
4,550
4
5,563
5,567
5,570
5,574
5,577
5,581
5,584
5,588
5,591
5,595
5,598
5,602
6,564
6,565
6,566
6
6,568
6,569
6
6,571
6,572
6,573
6
6,575
6,576
6
6,578
6,579
6,580
6
6,582
6,583
6
6,585
6,586
6,587
6
6,589
6,590
6
6,592
6,593
6,594
6
6,596
6,597
6
6,599
6,600
6,601
6
6,603
6,604
6
13,494,529,505
13,496,498
14,536,332,485,263,578,230,251,398,338,545,254,281,395,314,407,383,299,320,224,233,269,341,374,284,296,302,564,260,509,227,278,443,389,446,362,221,239,305,440,434,308,521,323,431,571,242,359,287,203,585,350,290,236,449,356,206,272,353,368,215,422,317,512,329,218,574,416,311,266,428,567,326,392,524,500,293,377,437,419,344,410,602,212,245,595,335,401,413,248,347,365,404,371,380,275,425,257,209,386
13,483
14,592,581,548,588,599,533
14,491,488
13,479,531,507,481,519,543
13,539,515,527,503
13,477,517,541