0
0
0,70,73,55
0
0
0
0,49
0,46
0
0
0
0
0
0
0,63
0,72
0,45
0,93
0,57
0,84
0,90
0,48
0,66
0,75
0,87
0,51
0,60
0,81
0,96
0,54
0,69
0,78
0,76
0,64,52,88,82,97
0,79
0,91,61,94
0,85
0,67,58
0
0
0
0
0
0
2,45
2,46
2
2,48
2,49
2
2,51
2,52
2
2,54
2,55
2
2,57
2,58
2
2,60
2,61
2
2,63
2,64
2
2,66
2,67
2
2,69
2,70
2
2,72
2,73
2
2,75
2,76
2
2,78
2,79
2
2,81
2,82
2
2,84
2,85
2
2,87
2,88
2
2,90
2,91
2
2,93
2,94
2
2,96
2,97
2
3,130,136,139
3,135,133,126,212
3,138,128,215
3,214,124,211,132
3,198,129,127,101,197,99,125,137,123,100,134,131,98
3,218,147,141,221
3,148,219,143
3,145,222
3,140,200,105,144,146,104,103,142,199
3,159,152,229
3,226,157,160,154
3,150,156,228,225
3,158,149,108,202,153,155,107,109,151,201
3,172,166,169,233
3,171,235,162,232
3,168,164,236
3,203,170,111,163,165,204,113,167,161,112
3,240,176,183,181
3,243,178,184
3,239,174,180,242
3,117,175,206,173,116,205,177,179,182,115
3,250,190,193
3,246,186,249,195
3,196,247,192,188
3,207,189,194,185,119,191,120,208,121,187
4,124
4
4,126
4
4,128
4
4,130
4
4,132
4,133
4
4,135
4,136
4
4,138
4,139
4
4,141
4
4,143
4
4,145
4
4,147
4,148
4
4,150
4
4,152
4
4,154
4
4,156
4,157
4
4,159
4,160
4
4,162
4
4,164
4
4,166
4
4,168
4,169
4
4,171
4,172
4
4,174
4
4,176
4
4,178
4
4,180
4,181
4
4,183
4,184
4
4,186
4
4,188
4
4,190
4
4,192
4,193
4
4,195
4,196
4
5,209
5,213
5,216
5,220
5,223
5,227
5,230
5,234
5,237
5,241
5,244
5,248
6,210
6,211
6,212
6
6,214
6,215
6
6,217
6,218
6,219
6
6,221
6,222
6
6,224
6,225
6,226
6
6,228
6,229
6
6,231
6,232
6,233
6
6,235
6,236
6
6,238
6,239
6,240
6
6,242
6,243
6
6,245
6,246
6,247
6
6,249
6,250
6
13,140,175,151
13,142,144
14,131,224,71,92,191,182,65,74,210,155,68,62,80,167,83,44,231,95,77,47,241,56,158,59,220,213,170,146,248,53,86,89,217,50
13,129
14,238,227,194,234,245,179
14,137,134
13,125,177,153,127,165,189
13,185,149,161,173
13,123,163,187