0
0
0
0
0
0
0,322,172,340
0,313,307,208
0
0,274,193
0
0,196,286
0,262
0,169,238
0
0,328,343
0
0,181,292
0,301,295
0,250
0
0,346,304,235,178,229
0,232,205,310
0,259,289,214
0
0,226
0,364,223,349
0
0,253
0
0
0
0
0
0
0
0
0
0
0
0
0
0
0
0
0
0
0
0
0
0
0
0,222
0,291
0,237
0,240
0,360
0,213
0,285
0,318
0,177
0,309
0,228
0,330
0,264
0,234
0,204
0,294
0,258
0,327
0,357
0,210
0,348
0,198
0,180
0,345
0,246
0,297
0,267
0,300
0,342
0,312
0,351
0,333
0,186
0,189
0,249
0,174
0,366
0,201
0,369
0,168
0,183
0,321
0,231
0,324
0,219
0,216
0,279
0,171
0,339
0,276
0,273
0,303
0,192
0,261
0,306
0,372
0,243
0,282
0,336
0,207
0,225
0,252
0,195
0,363
0,354
0,270
0,315
0,288
0,255
0,367,319
0,211
0,337
0,331,175,373,256
0,352,199
0,184,247,268
0,358
0,202
0,298,325,370
0,187
0,241,316
0,244
0
0,265
0
0,271,280,190
0,355
0,361
0,277
0,217,334
0,220
0
0,283
0
0
0
0
0
0
0
0
0
0
0
0
0
0
0
0
0
0
0
0
0
0
0
2,168
2,169
2
2,171
2,172
2
2,174
2,175
2
2,177
2,178
2
2,180
2,181
2
2,183
2,184
2
2,186
2,187
2
2,189
2,190
2
2,192
2,193
2
2,195
2,196
2
2,198
2,199
2
2,201
2,202
2
2,204
2,205
2
2,207
2,208
2
2,210
2,211
2
2,213
2,214
2
2,216
2,217
2
2,219
2,220
2
2,222
2,223
2
2,225
2,226
2
2,228
2,229
2
2,231
2,232
2
2,234
2,235
2
2,237
2,238
2
2,240
2,241
2
2,243
2,244
2
2,246
2,247
2
2,249
2,250
2
2,252
2,253
2
2,255
2,256
2
2,258
2,259
2
2,261
2,262
2
2,264
2,265
2
2,267
2,268
2
2,270
2,271
2
2,273
2,274
2
2,276
2,277
2
2,279
2,280
2
2,282
2,283
2
2,285
2,286
2
2,288
2,289
2
2,291
2,292
2
2,294
2,295
2
2,297
2,298
2
2,300
2,301
2
2,303
2,304
2
2,306
2,307
2
2,309
2,310
2
2,312
2,313
2
2,315
2,316
2
2,318
2,319
2
2,321
2,322
2
2,324
2,325
2
2,327
2,328
2
2,330
2,331
2
2,333
2,334
2
2,336
2,337
2
2,339
2,340
2
2,342
2,343
2
2,345
2,346
2
2,348
2,349
2
2,351
2,352
2
2,354
2,355
2
2,357
2,358
2
2,360
2,361
2
2,363
2,364
2
2,366
2,367
2
2,369
2,370
2
2,372
2,373
2
3,406,412,415
3,411,409,402,488
3,414,404,491
3,490,400,487,408
3,474,413,405,403,377,473,375,399,376,410,374,407,401
3,494,423,417,497
3,495,419,424
3,421,498
3,416,381,476,420,422,380,379,418,475
3,505,435,428
3,430,502,433,436
3,426,432,504,501
3,434,425,477,384,478,429,431,383,385,427
3,448,442,445,509
3,438,447,508,511
3,444,440,512
3,479,437,446,387,439,441,480,389,443,388
3,516,452,457,459
3,519,454,460
3,518,450,456,515
3,393,451,482,449,391,392,481,453,455,458
3,526,466,469
3,522,462,525,471
3,472,523,468,464
3,483,465,470,461,395,484,397,463,467,396
4,400
4
4,402
4
4,404
4
4,406
4
4,408
4,409
4
4,411
4,412
4
4,414
4,415
4
4,417
4
4,419
4
4,421
4
4,423
4,424
4
4,426
4
4,428
4
4,430
4
4,432
4,433
4
4,435
4,436
4
4,438
4
4,440
4
4,442
4
4,444
4,445
4
4,447
4,448
4
4,450
4
4,452
4
4,454
4
4,456
4,457
4
4,459
4,460
4
4,462
4
4,464
4
4,466
4
4,468
4,469
4
4,471
4,472
4
5,485
5,489
5,492
5,496
5,499
5,503
5,506
5,510
5,513
5,517
5,520
5,524
6,486
6,487
6,488
6
6,490
6,491
6
6,493
6,494
6,495
6
6,497
6,498
6
6,500
6,501
6,502
6
6,504
6,505
6
6,507
6,508
6,509
6
6,511
6,512
6
6,514
6,515
6,516
6
6,518
6,519
6
6,521
6,522
6,523
6
6,525
6,526
6
13,451,416,427
13,418,420
14,296,407,227,500,194,215,362,302,467,218,245,359,278,371,347,263,284,458,188,197,305,338,260,266,486,224,431,233,191,242,185,203,269,443,287,206,248,272,323,251,167,314,254,320,170,236,332,200,179,281,434,293,182,496,275,230,489,517,290,356,446,422,341,308,507,524,176,209,317,257,299,365,212,353,311,329,368,335,344,326,493,239,173,350,221
13,405
14,514,503,470,510,521,455
14,410,413
13,453,401,429,403,441,465
13,461,425,437,449
13,399,439,463