0
0
0
0
0
0
0
0
0
0,287,455,326,488,275,413
0,386,332,335,509
0,458
0,389,314
0,416
0,482,383,512
0
0,494,479
0,395
0,521
0,440,341,503,515
0,296,338
0,290
0,374,473
0,428
0,500,443
0,344
0,392
0,410,437,506
0
0,347
0
0,353,407
0,245,524,242
0
0,371,422
0,323,362
0,254
0,356
0,272,305,419
0,350,251,278
0,263,317
0
0
0
0
0
0
0
0
0
0
0
0
0
0
0
0
0
0
0
0
0
0
0
0
0
0
0
0
0
0
0
0
0
0
0,373
0,496
0,433
0,268
0,502
0,421
0,265
0,475
0,307
0,322
0,355
0,394
0,295
0,271
0,340
0,412
0,424
0,403
0,520
0,319
0,376
0,247
0,457
0,250
0,301
0,256
0,529
0,487
0,367
0,274
0,382
0,280
0,469
0,508
0,370
0,505
0,286
0,349
0,472
0,448
0
0,493
0,415
0,439
0,259
0,484
0,364
0,478
0,526
0,361
0,358
0,343
0,298
0,352
0,310
0,379
0,388
0,316
0,325
0,331
0,460
0,241
0,409
0,523
0,445
0,451
0,253
0,481
0,328
0,283
0,430
0,289
0,391
0,442
0,385
0,427
0,490
0,466
0,244
0,463
0,418
0,514
0,400
0,277
0,337
0,436
0,346
0,397
0,304
0,517
0
0,262
0,292
0,406
0,313
0,454
0,499
0,511
0,334
0,398,452
0
0,527
0,425,248,434
0,476,530
0,377
0
0,257
0,401
0,380
0,299,308
0,491
0,365
0,266
0
0,485,470,281,461
0,449,431
0,359
0,284,446
0
0,293
0,467
0,497
0,311
0,464
0,518
0,404
0,302
0,269
0,260,329
0
0,320,368
0
0
0
0
0
0
0
0
0
0
0
0
0
0
0
0
0
0
0
0
0
0
0
0
0
0
0
0
0
0
0
0
0
0
2,241
2,242
2
2,244
2,245
2
2,247
2,248
2
2,250
2,251
2
2,253
2,254
2
2,256
2,257
2
2,259
2,260
2
2,262
2,263
2
2,265
2,266
2
2,268
2,269
2
2,271
2,272
2
2,274
2,275
2
2,277
2,278
2
2,280
2,281
2
2,283
2,284
2
2,286
2,287
2
2,289
2,290
2
2,292
2,293
2
2,295
2,296
2
2,298
2,299
2
2,301
2,302
2
2,304
2,305
2
2,307
2,308
2
2,310
2,311
2
2,313
2,314
2
2,316
2,317
2
2,319
2,320
2
2,322
2,323
2
2,325
2,326
2
2,328
2,329
2
2,331
2,332
2
2,334
2,335
2
2,337
2,338
2
2,340
2,341
2
2,343
2,344
2
2,346
2,347
2
2,349
2,350
2
2,352
2,353
2
2,355
2,356
2
2,358
2,359
2
2,361
2,362
2
2,364
2,365
2
2,367
2,368
2
2,370
2,371
2
2,373
2,374
2
2,376
2,377
2
2,379
2,380
2
2,382
2,383
2
2,385
2,386
2
2,388
2,389
2
2,391
2,392
2
2,394
2,395
2
2,397
2,398
2
2,400
2,401
2
2,403
2,404
2
2,406
2,407
2
2,409
2,410
2
2,412
2,413
2
2,415
2,416
2
2,418
2,419
2
2,421
2,422
2
2,424
2,425
2
2,427
2,428
2
2,430
2,431
2
2,433
2,434
2
2,436
2,437
2
2,439
2,440
2
2,442
2,443
2
2,445
2,446
2
2,448
2,449
2
2,451
2,452
2
2,454
2,455
2
2,457
2,458
2
2,460
2,461
2
2,463
2,464
2
2,466
2,467
2
2,469
2,470
2
2,472
2,473
2
2,475
2,476
2
2,478
2,479
2
2,481
2,482
2
2,484
2,485
2
2,487
2,488
2
2,490
2,491
2
2,493
2,494
2
2,496
2,497
2
2,499
2,500
2
2,502
2,503
2
2,505
2,506
2
2,508
2,509
2
2,511
2,512
2
2,514
2,515
2
2,517
2,518
2
2,520
2,521
2
2,523
2,524
2
2,526
2,527
2
2,529
2,530
2
3,563,569,572
3,568,566,559,645
3,561,571,648
3,557,644,647,565
3,567,631,562,560,534,630,532,558,570,564,556,533,531
3,651,580,654,574
3,576,581,652
3,655,578
3,573,538,633,577,579,537,536,575,632
3,585,662,592
3,587,590,659,593
3,583,589,661,658
3,591,582,634,635,586,584,588,542,540,541
3,605,599,602,666
3,665,604,668,595
3,601,597,669
3,600,544,603,596,598,637,546,636,594,545
3,673,609,616,614
3,676,611,617
3,607,672,613,675
3,608,639,606,548,549,638,550,612,615,610
3,683,623,626
3,679,619,682,628
3,629,680,625,621
3,640,627,618,552,624,641,622,554,620,553
4,557
4
4,559
4
4,561
4
4,563
4
4,565
4,566
4
4,568
4,569
4
4,571
4,572
4
4,574
4
4,576
4
4,578
4
4,580
4,581
4
4,583
4
4,585
4
4,587
4
4,589
4,590
4
4,592
4,593
4
4,595
4
4,597
4
4,599
4
4,601
4,602
4
4,604
4,605
4
4,607
4
4,609
4
4,611
4
4,613
4,614
4
4,616
4,617
4
4,619
4
4,621
4
4,623
4
4,625
4,626
4
4,628
4,629
4
5,642
5,646
5,649
5,653
5,656
5,660
5,663
5,667
5,670
5,674
5,677
5,681
6,643
6,644
6,645
6
6,647
6,648
6
6,650
6,651
6,652
6
6,654
6,655
6
6,657
6,658
6,659
6
6,661
6,662
6
6,664
6,665
6,666
6
6,668
6,669
6
6,671
6,672
6,673
6
6,675
6,676
6
6,678
6,679
6,680
6
6,682
6,683
6
13,573,608,584
13,575,577
14,615,459,624,369,564,300,657,267,525,288,435,501,375,291,318,432,351,444,402,420,336,357,261,270,306,378,411,321,489,333,339,387,297,264,315,450,426,498,483,528,258,276,342,477,471,345,600,519,360,468,279,396,324,492,240,312,664,327,273,486,516,393,243,309,474,390,405,653,354,591,366,255,643,453,348,303,465,510,646,504,588,363,246,429,603,513,579,414,456,522,381,447,372,681,249,282,674,330,438,480,285,384,495,441,408,507,417,399,650,462,252,423,294
13,562
14,660,627,667,671,678,612
14,567,570
13,610,560,558,586,598,622
13,606,618,594,582
13,596,620,556