0
0
0
0
0
0
0,294
0,237,264
0,228
0,213,300
0,186
0,276
0
0,210,201,165
0,174
0,345,336
0,318,303
0,330
0,315
0
0,351
0,222,183
0,240,297,324
0,225
0,189
0,204,327,279,258
0,207
0,282,249
0
0
0
0
0
0
0
0
0
0
0
0
0
0
0
0
0
0
0
0
0
0
0,308
0,254
0,245
0,212
0,335
0,194
0,344
0,239
0,293
0,176
0,257
0,338
0,215
0,188
0,227
0,269
0,287
0,242
0,233
0,299
0,350
0,263
0,191
0,347
0,332
0,236
0,224
0,197
0
0,218
0,296
0,200
0,260
0,353
0,206
0,302
0,164
0,209
0,203
0,341
0,230
0,284
0,167
0,248
0,173
0,281
0,323
0,182
0,329
0,311
0,272
0,305
0,317
0,266
0,320
0,251
0,179
0,170
0,161
0,221
0,290
0,326
0,275
0,278
0,185
0,314
0,267,333
0,171,348
0,354
0
0,177
0
0,306
0
0,243,288,168
0,234,219
0,216,246,192
0,312,321
0,255
0,231
0,285
0,273,252
0,309,195,339
0,291
0,342
0,261,162,270
0
0,198,180
0
0
0
0
0
0
0
0
0
0
0
0
0
0
0
0
0
0
0
0
0
0
2,161
2,162
2
2,164
2,165
2
2,167
2,168
2
2,170
2,171
2
2,173
2,174
2
2,176
2,177
2
2,179
2,180
2
2,182
2,183
2
2,185
2,186
2
2,188
2,189
2
2,191
2,192
2
2,194
2,195
2
2,197
2,198
2
2,200
2,201
2
2,203
2,204
2
2,206
2,207
2
2,209
2,210
2
2,212
2,213
2
2,215
2,216
2
2,218
2,219
2
2,221
2,222
2
2,224
2,225
2
2,227
2,228
2
2,230
2,231
2
2,233
2,234
2
2,236
2,237
2
2,239
2,240
2
2,242
2,243
2
2,245
2,246
2
2,248
2,249
2
2,251
2,252
2
2,254
2,255
2
2,257
2,258
2
2,260
2,261
2
2,263
2,264
2
2,266
2,267
2
2,269
2,270
2
2,272
2,273
2
2,275
2,276
2
2,278
2,279
2
2,281
2,282
2
2,284
2,285
2
2,287
2,288
2
2,290
2,291
2
2,293
2,294
2
2,296
2,297
2
2,299
2,300
2
2,302
2,303
2
2,305
2,306
2
2,308
2,309
2
2,311
2,312
2
2,314
2,315
2
2,317
2,318
2
2,320
2,321
2
2,323
2,324
2
2,326
2,327
2
2,329
2,330
2
2,332
2,333
2
2,335
2,336
2
2,338
2,339
2
2,341
2,342
2
2,344
2,345
2
2,347
2,348
2
2,350
2,351
2
2,353
2,354
2
3,387,393,396
3,392,390,383,469
3,395,385,472
3,471,381,468,389
3,455,386,384,358,454,356,382,394,388,380,357,391,355
3,398,475,404,478
3,476,400,405
3,402,479
3,397,362,457,403,401,361,360,399,456
3,409,486,416
3,483,414,417,411
3,407,413,485,482
3,415,406,365,459,410,412,364,366,408,458
3,429,423,426,490
3,428,489,492,419
3,425,421,493
3,460,427,368,422,420,461,370,424,418,369
3,497,433,440,438
3,500,441,435
3,437,496,499,431
3,374,432,430,372,373,462,463,436,439,434
3,507,447,450
3,443,503,506,452
3,453,504,449,445
3,446,451,442,376,464,448,465,378,444,377
4,381
4
4,383
4
4,385
4
4,387
4
4,389
4,390
4
4,392
4,393
4
4,395
4,396
4
4,398
4
4,400
4
4,402
4
4,404
4,405
4
4,407
4
4,409
4
4,411
4
4,413
4,414
4
4,416
4,417
4
4,419
4
4,421
4
4,423
4
4,425
4,426
4
4,428
4,429
4
4,431
4
4,433
4
4,435
4
4,437
4,438
4
4,440
4,441
4
4,443
4
4,445
4
4,447
4
4,449
4,450
4
4,452
4,453
4
5,466
5,470
5,473
5,477
5,480
5,484
5,487
5,491
5,494
5,498
5,501
5,505
6,467
6,468
6,469
6
6,471
6,472
6
6,474
6,475
6,476
6
6,478
6,479
6
6,481
6,482
6,483
6
6,485
6,486
6
6,488
6,489
6,490
6
6,492
6,493
6
6,495
6,496
6,497
6
6,499
6,500
6
6,502
6,503
6,504
6
6,506
6,507
6
13,397,408,432
13,399,401
14,477,289,388,220,481,295,448,211,238,352,271,340,256,277,439,181,190,226,298,331,241,253,467,217,412,184,235,346,319,178,196,262,187,265,424,280,199,247,208,316,244,160,488,307,259,193,313,163,229,310,325,274,415,175,268,223,470,283,349,427,403,334,301,505,169,202,498,250,292,205,304,322,328,337,474,232,172,166,343,214,286
13,386
14,495,484,451,491,502,436
14,391,394
13,382,434,410,384,422,446
13,442,418,430,406
13,380,420,444