0
0
0
0
0
0
0
0
0,491,326
0
0,347
0,248,332
0
0,407,254
0
0,365,434,392
0,236,476,497,419,377,473,359
0,281,431
0
0,389,371,344,461,374
0,452,398,470
0
0,428
0,464,233
0,380
0
0
0,395
0,308,410,416
0
0,386
0,455,227,284
0,425
0
0,299,401
0,287,404
0,422,443,305
0
0,260
0
0
0
0
0
0
0
0
0
0
0
0
0
0
0
0
0
0
0
0
0
0
0
0
0
0
0
0
0
0
0
0,298
0,229
0,484
0,487
0,247
0,304
0,448
0,481
0,301
0,355
0,235
0,319
0,346
0,415
0,490
0,388
0,466
0,295
0,463
0,394
0,472
0,322
0,259
0,457
0,493
0,421
0,250
0,349
0,454
0,409
0,337
0,361
0,376
0,397
0,442
0,307
0,265
0,310
0,343
0,277
0,238
0,391
0,226
0,469
0,427
0,430
0,331
0,433
0,286
0,262
0,256
0,253
0,352
0,385
0,373
0,268
0,475
0,325
0,382
0
0,499
0,436
0,241
0,400
0,445
0,283
0,439
0,406
0,289
0,328
0,496
0,274
0,379
0,412
0,340
0,316
0,451
0,424
0,271
0,244
0,367
0,418
0,313
0,334
0,280
0,403
0,358
0,478
0,364
0,370
0,292
0,232
0,460
0,272,368,440,437
0,341
0,296
0,329,317
0,338,449,269
0
0,242,383,350
0,251,494
0
0,302,488
0,257,482
0,323,311
0,485
0
0,500
0
0,275,446
0
0,467,266,362
0
0,458
0,320,239,353,278
0,314
0,230,245
0
0,335,413,293
0
0,263
0,290
0,479
0,356
0
0
0
0
0
0
0
0
0
0
0
0
0
0
0
0
0
0
0
0
0
0
0
0
0
0
0
0
0
0
0
2,226
2,227
2
2,229
2,230
2
2,232
2,233
2
2,235
2,236
2
2,238
2,239
2
2,241
2,242
2
2,244
2,245
2
2,247
2,248
2
2,250
2,251
2
2,253
2,254
2
2,256
2,257
2
2,259
2,260
2
2,262
2,263
2
2,265
2,266
2
2,268
2,269
2
2,271
2,272
2
2,274
2,275
2
2,277
2,278
2
2,280
2,281
2
2,283
2,284
2
2,286
2,287
2
2,289
2,290
2
2,292
2,293
2
2,295
2,296
2
2,298
2,299
2
2,301
2,302
2
2,304
2,305
2
2,307
2,308
2
2,310
2,311
2
2,313
2,314
2
2,316
2,317
2
2,319
2,320
2
2,322
2,323
2
2,325
2,326
2
2,328
2,329
2
2,331
2,332
2
2,334
2,335
2
2,337
2,338
2
2,340
2,341
2
2,343
2,344
2
2,346
2,347
2
2,349
2,350
2
2,352
2,353
2
2,355
2,356
2
2,358
2,359
2
2,361
2,362
2
2,364
2,365
2
2,367
2,368
2
2,370
2,371
2
2,373
2,374
2
2,376
2,377
2
2,379
2,380
2
2,382
2,383
2
2,385
2,386
2
2,388
2,389
2
2,391
2,392
2
2,394
2,395
2
2,397
2,398
2
2,400
2,401
2
2,403
2,404
2
2,406
2,407
2
2,409
2,410
2
2,412
2,413
2
2,415
2,416
2
2,418
2,419
2
2,421
2,422
2
2,424
2,425
2
2,427
2,428
2
2,430
2,431
2
2,433
2,434
2
2,436
2,437
2
2,439
2,440
2
2,442
2,443
2
2,445
2,446
2
2,448
2,449
2
2,451
2,452
2
2,454
2,455
2
2,457
2,458
2
2,460
2,461
2
2,463
2,464
2
2,466
2,467
2
2,469
2,470
2
2,472
2,473
2
2,475
2,476
2
2,478
2,479
2
2,481
2,482
2
2,484
2,485
2
2,487
2,488
2
2,490
2,491
2
2,493
2,494
2
2,496
2,497
2
2,499
2,500
2
3,533,539,542
3,529,536,538,615
3,531,541,618
3,617,614,527,535
3,601,502,532,530,504,600,528,540,526,503,537,534,501
3,621,550,544,624
3,546,551,622
3,625,548
3,506,543,508,603,547,549,507,545,602
3,555,632,562
3,629,560,563,557
3,553,628,559,631
3,561,552,605,556,558,510,512,511,604,554
3,575,572,569,636
3,574,635,638,565
3,571,567,639
3,570,573,514,566,568,607,516,515,606,564
3,643,579,584,586
3,581,587,646
3,577,583,645,642
3,609,576,518,519,608,578,520,582,585,580
3,653,593,596
3,649,589,652,598
3,599,650,595,591
3,523,592,597,610,588,522,594,611,524,590
4,527
4
4,529
4
4,531
4
4,533
4
4,535
4,536
4
4,538
4,539
4
4,541
4,542
4
4,544
4
4,546
4
4,548
4
4,550
4,551
4
4,553
4
4,555
4
4,557
4
4,559
4,560
4
4,562
4,563
4
4,565
4
4,567
4
4,569
4
4,571
4,572
4
4,574
4,575
4
4,577
4
4,579
4
4,581
4
4,583
4,584
4
4,586
4,587
4
4,589
4
4,591
4
4,593
4
4,595
4,596
4
4,598
4,599
4
5,612
5,616
5,619
5,623
5,626
5,630
5,633
5,637
5,640
5,644
5,647
5,651
6,613
6,614
6,615
6
6,617
6,618
6
6,620
6,621
6,622
6
6,624
6,625
6
6,627
6,628
6,629
6
6,631
6,632
6
6,634
6,635
6,636
6
6,638
6,639
6
6,641
6,642
6,643
6
6,645
6,646
6
6,648
6,649
6,650
6
6,652
6,653
6
13,578,543,554
13,545,547
14,354,285,477,252,273,420,486,360,594,276,303,495,417,336,429,405,321,342,585,246,255,291,534,363,396,474,318,324,627,613,282,558,249,300,465,435,411,483,468,384,243,261,327,549,462,456,330,345,453,264,306,570,381,309,225,489,634,372,312,258,471,378,228,294,459,375,390,480,237,444,561,351,240,623,438,333,288,450,616,348,231,414,573,498,315,399,441,366,432,339,651,234,267,644,357,423,270,369,387,426,393,492,402,620,297,447,408,279
13,532
14,641,648,630,597,582,637
14,540,537
13,528,580,556,530,568,592
13,576,588,552,564
13,526,566,590