0
0
0
0
0
0,204,261
0,294
0,216
0,168,255
0,150,240,228,231
0,183,171,252
0,189,219,165,258
0
0,312,297
0,279,198,159
0
0
0,318
0,267,207
0,291,246
0,201,210
0,147,309
0,288
0,300
0
0
0
0
0
0
0
0
0
0
0
0
0
0
0
0
0
0
0
0
0
0,245
0,254
0,152
0,212
0,278
0,284
0,293
0,257
0,236
0,269
0,173
0,248
0,146
0,299
0,185
0
0,206
0,302
0,215
0,281
0,179
0,182
0
0,188
0,251
0,176
0,158
0,317
0,239
0,266
0,164
0,161
0,200
0,233
0,260
0,209
0,167
0,275
0,155
0,314
0,194
0,290
0,224
0,287
0,221
0,197
0,218
0,149
0,170
0,242
0,203
0,227
0,308
0,311
0,263
0,230
0,305
0,272
0,191
0,296
0,237
0
0,153
0
0,285
0,264,180
0,234,276
0,303,225
0,282
0,249,213,243
0,177
0,174,222,315
0,162,270
0
0
0
0,192
0
0,156,306
0,273,186,195
0
0
0
0
0
0
0
0
0
0
0
0
0
0
0
0
0
0
0
0
2,146
2,147
2
2,149
2,150
2
2,152
2,153
2
2,155
2,156
2
2,158
2,159
2
2,161
2,162
2
2,164
2,165
2
2,167
2,168
2
2,170
2,171
2
2,173
2,174
2
2,176
2,177
2
2,179
2,180
2
2,182
2,183
2
2,185
2,186
2
2,188
2,189
2
2,191
2,192
2
2,194
2,195
2
2,197
2,198
2
2,200
2,201
2
2,203
2,204
2
2,206
2,207
2
2,209
2,210
2
2,212
2,213
2
2,215
2,216
2
2,218
2,219
2
2,221
2,222
2
2,224
2,225
2
2,227
2,228
2
2,230
2,231
2
2,233
2,234
2
2,236
2,237
2
2,239
2,240
2
2,242
2,243
2
2,245
2,246
2
2,248
2,249
2
2,251
2,252
2
2,254
2,255
2
2,257
2,258
2
2,260
2,261
2
2,263
2,264
2
2,266
2,267
2
2,269
2,270
2
2,272
2,273
2
2,275
2,276
2
2,278
2,279
2
2,281
2,282
2
2,284
2,285
2
2,287
2,288
2
2,290
2,291
2
2,293
2,294
2
2,296
2,297
2
2,299
2,300
2
2,302
2,303
2
2,305
2,306
2
2,308
2,309
2
2,311
2,312
2
2,314
2,315
2
2,317
2,318
2
3,351,357,360
3,356,354,347,433
3,359,349,436
3,435,345,432,353
3,419,350,348,322,418,320,346,358,344,321,355,352,319
3,439,368,362,442
3,440,364,369
3,366,443
3,361,326,421,365,367,325,324,363,420
3,373,450,380
3,381,447,378,375
3,446,371,377,449
3,379,370,329,423,374,376,328,330,372,422
3,393,387,390,454
3,392,453,456,383
3,389,385,457
3,424,391,334,332,384,386,425,333,388,382
3,461,397,402,404
3,464,399,405
3,460,395,401,463
3,338,396,394,336,337,426,400,403,398,427
3,471,411,414
3,467,407,470,416
3,417,468,413,409
3,428,410,415,406,340,412,429,342,408,341
4,345
4
4,347
4
4,349
4
4,351
4
4,353
4,354
4
4,356
4,357
4
4,359
4,360
4
4,362
4
4,364
4
4,366
4
4,368
4,369
4
4,371
4
4,373
4
4,375
4
4,377
4,378
4
4,380
4,381
4
4,383
4
4,385
4
4,387
4
4,389
4,390
4
4,392
4,393
4
4,395
4
4,397
4
4,399
4
4,401
4,402
4
4,404
4,405
4
4,407
4
4,409
4
4,411
4
4,413
4,414
4
4,416
4,417
4
5,430
5,434
5,437
5,441
5,444
5,448
5,451
5,455
5,458
5,462
5,465
5,469
6,431
6,432
6,433
6
6,435
6,436
6
6,438
6,439
6,440
6
6,442
6,443
6
6,445
6,446
6,447
6
6,449
6,450
6
6,452
6,453
6,454
6
6,456
6,457
6
6,459
6,460
6,461
6
6,463
6,464
6
6,466
6,467
6,468
6
6,470
6,471
6
13,361,396,372
13,363,365
14,274,352,205,445,172,280,412,196,223,256,241,262,403,166,175,211,268,283,316,238,244,202,376,169,304,163,181,247,250,388,265,184,226,193,301,229,145,452,292,232,178,298,148,214,295,310,157,259,379,271,160,431,441,253,208,434,462,391,367,220,286,469,154,187,235,277,190,289,307,313,438,217,151,199
13,350
14,459,448,415,455,400,466
14,358,355
13,346,398,374,348,386,410
13,406,370,382,394
13,344,384,408