0
0
0,66,102
0,75,126
0,108
0,129
0,111
0,99,72
0
0,78,93,81
0
0
0
0
0
0
0
0
0,59
0,113
0,107
0,128
0,95
0,119
0,122
0,104
0,83
0,68
0,125
0,65
0,62
0,116
0,92
0,77
0,80
0,89
0,98
0,101
0,74
0,71
0,86
0,110
0
0,84,96,69,105
0
0,123,63,120,114,87
0
0,117,90,60
0
0
0
0
0
0
0
0
0
0
2,59
2,60
2
2,62
2,63
2
2,65
2,66
2
2,68
2,69
2
2,71
2,72
2
2,74
2,75
2
2,77
2,78
2
2,80
2,81
2
2,83
2,84
2
2,86
2,87
2
2,89
2,90
2
2,92
2,93
2
2,95
2,96
2
2,98
2,99
2
2,101
2,102
2
2,104
2,105
2
2,107
2,108
2
2,110
2,111
2
2,113
2,114
2
2,116
2,117
2
2,119
2,120
2
2,122
2,123
2
2,125
2,126
2
2,128
2,129
2
3,162,168,171
3,167,165,158,244
3,170,160,247
3,246,156,243,164
3,230,161,159,133,229,131,157,169,155,132,166,163,130
3,250,179,173,253
3,180,175,251
3,254,177
3,172,232,137,176,178,136,135,174,231
3,191,184,261
3,258,189,192,186
3,182,188,260,257
3,190,181,140,234,185,187,139,141,183,233
3,204,198,201,265
3,203,267,194,264
3,200,196,268
3,235,202,143,195,197,236,145,199,193,144
3,272,208,215,213
3,275,210,216
3,271,206,212,274
3,149,207,238,205,148,237,209,211,214,147
3,282,222,225
3,278,218,281,227
3,228,279,224,220
3,239,221,226,219,217,151,223,152,240,153
4,156
4
4,158
4
4,160
4
4,162
4
4,164
4,165
4
4,167
4,168
4
4,170
4,171
4
4,173
4
4,175
4
4,177
4
4,179
4,180
4
4,182
4
4,184
4
4,186
4
4,188
4,189
4
4,191
4,192
4
4,194
4
4,196
4
4,198
4
4,200
4,201
4
4,203
4,204
4
4,206
4
4,208
4
4,210
4
4,212
4,213
4
4,215
4,216
4
4,218
4
4,220
4
4,222
4
4,224
4,225
4
4,227
4,228
4
5,241
5,245
5,248
5,252
5,255
5,259
5,262
5,266
5,269
5,273
5,276
5,280
6,242
6,243
6,244
6
6,246
6,247
6
6,249
6,250
6,251
6
6,253
6,254
6
6,256
6,257
6,258
6
6,260
6,261
6
6,263
6,264
6,265
6
6,267
6,268
6
6,270
6,271
6,272
6
6,274
6,275
6
6,277
6,278
6,279
6
6,281
6,282
6
13,172,207,183
13,174,176
14,163,118,256,85,106,223,109,214,79,88,124,242,115,263,187,82,76,94,199,58,91,61,127,273,70,190,97,73,252,121,245,202,178,280,67,100,103,249,64,112
13,161
14,270,259,226,266,277,211
14,169,166
13,157,209,185,159,197,221
13,217,181,193,205
13,155,195,219