0
0
0
0
0
0,217
0
0,169,151
0,142,211,274
0,181,220,250
0,277,175
0,160
0,238
0,136,139
0,265,259,253
0,289
0,154,133
0,196,148
0,280,226,208
0,214
0,157
0,244,256
0,163,241,172,202
0
0
0
0
0
0
0
0
0
0
0
0
0
0
0
0
0
0
0,279
0,144
0,255
0,165
0,210
0,285
0,204
0,171
0,276
0,228
0,159
0,141
0,168
0,213
0,252
0,162
0,153
0,180
0,234
0,189
0,267
0,264
0,150
0,288
0,246
0,186
0,225
0,216
0,135
0,183
0,195
0,147
0,177
0,258
0,174
0,207
0,237
0,222
0,249
0,273
0,201
0,192
0,261
0
0,198
0,243
0,270
0,219
0,240
0,231
0,138
0,156
0,282
0,132
0
0
0,193,232
0
0,223
0,247
0,229
0,145
0,283
0,178
0,187
0,286
0
0,271,205
0
0,166,184,235
0,199
0,268,190,262
0
0
0
0
0
0
0
0
0
0
0
0
0
0
0
0
0
0
2,132
2,133
2
2,135
2,136
2
2,138
2,139
2
2,141
2,142
2
2,144
2,145
2
2,147
2,148
2
2,150
2,151
2
2,153
2,154
2
2,156
2,157
2
2,159
2,160
2
2,162
2,163
2
2,165
2,166
2
2,168
2,169
2
2,171
2,172
2
2,174
2,175
2
2,177
2,178
2
2,180
2,181
2
2,183
2,184
2
2,186
2,187
2
2,189
2,190
2
2,192
2,193
2
2,195
2,196
2
2,198
2,199
2
2,201
2,202
2
2,204
2,205
2
2,207
2,208
2
2,210
2,211
2
2,213
2,214
2
2,216
2,217
2
2,219
2,220
2
2,222
2,223
2
2,225
2,226
2
2,228
2,229
2
2,231
2,232
2
2,234
2,235
2
2,237
2,238
2
2,240
2,241
2
2,243
2,244
2
2,246
2,247
2
2,249
2,250
2
2,252
2,253
2
2,255
2,256
2
2,258
2,259
2
2,261
2,262
2
2,264
2,265
2
2,267
2,268
2
2,270
2,271
2
2,273
2,274
2
2,276
2,277
2
2,279
2,280
2
2,282
2,283
2
2,285
2,286
2
2,288
2,289
2
3,322,328,331
3,327,325,318,404
3,330,320,407
3,316,406,403,324
3,390,321,319,293,389,291,317,329,315,292,326,323,290
3,410,339,333,413
3,340,411,335
3,337,414
3,332,297,336,338,296,295,334,392,391
3,344,421,351
3,418,349,352,346
3,342,417,348,420
3,350,341,393,394,345,347,299,300,343,301
3,364,358,361,425
3,363,424,427,354
3,360,356,428
3,359,395,362,303,355,305,357,353,304,396
3,432,368,375,373
3,370,435,376
3,366,372,434,431
3,309,367,398,365,308,397,307,371,374,369
3,442,382,385
3,378,438,441,387
3,388,439,384,380
3,399,377,311,383,386,381,400,313,379,312
4,316
4
4,318
4
4,320
4
4,322
4
4,324
4,325
4
4,327
4,328
4
4,330
4,331
4
4,333
4
4,335
4
4,337
4
4,339
4,340
4
4,342
4
4,344
4
4,346
4
4,348
4,349
4
4,351
4,352
4
4,354
4
4,356
4
4,358
4
4,360
4,361
4
4,363
4,364
4
4,366
4
4,368
4
4,370
4
4,372
4,373
4
4,375
4,376
4
4,378
4
4,380
4
4,382
4
4,384
4,385
4
4,387
4,388
4
5,401
5,405
5,408
5,412
5,415
5,419
5,422
5,426
5,429
5,433
5,436
5,440
6,402
6,403
6,404
6
6,406
6,407
6
6,409
6,410
6,411
6
6,413
6,414
6
6,416
6,417
6,418
6
6,420
6,421
6
6,423
6,424
6,425
6
6,427
6,428
6
6,430
6,431
6,432
6
6,434
6,435
6
6,437
6,438
6,439
6
6,441
6,442
6
13,332,367,343
13,334,336
14,260,416,158,266,383,182,209,242,227,374,152,161,197,323,269,191,212,224,230,402,188,347,155,206,149,167,233,236,251,179,359,287,215,131,423,278,218,164,284,134,200,281,433,143,245,350,257,170,146,412,239,194,405,254,362,338,272,440,140,173,221,263,176,275,409,203,248,137,185
13,321
14,430,419,386,426,437,371
14,329,326
13,317,369,345,319,357,381
13,377,341,353,365
13,315,355,379