0
0
0
0
0
0
0
0
0,362,263
0,425,407,458,422
0,470
0,392,455
0,281
0,338
0,404,488
0,431,356
0,359
0,368
0,290
0,389
0,479
0
0,428
0,395
0,257
0
0,266,323
0,245
0,329
0,494,236
0
0,491,284,485
0,272
0,320,326
0,371,398
0,347,401
0,449
0,434,308
0,500,467,383,335,350
0
0
0
0
0
0
0
0
0
0
0
0
0
0
0
0
0
0
0
0
0
0
0
0
0
0
0
0
0
0
0
0,364
0,310
0,412
0,445
0,370
0,253
0,319
0,247
0,277
0,448
0,262
0,487
0,343
0,475
0,313
0,274
0,328
0,256
0,427
0,403
0,382
0,280
0,361
0,379
0,244
0,331
0,391
0,322
0,433
0,376
0,499
0,355
0,349
0,409
0,463
0,232
0,259
0,226
0,334
0,484
0,271
0,286
0,442
0,289
0,250
0,481
0,472
0,352
0,421
0,469
0,397
0,388
0,451
0,454
0,316
0,502
0,373
0,493
0,307
0,340
0,478
0,394
0,292
0,283
0,496
0,298
0,466
0,457
0,358
0,238
0,415
0,346
0,385
0,424
0,301
0,490
0,400
0,235
0,295
0,430
0,436
0,229
0,241
0,268
0,265
0,418
0,406
0,304
0,325
0,367
0,439
0,337
0,460
0,341,302
0,299,416
0
0,476
0,227,230
0,374
0,410,311
0
0,305,239
0,380,269,443
0,377
0
0,413,275,440,419
0,242
0,317,248
0,287,254,386,332
0,233,314
0,503,497,353,278
0,446
0
0,437,464
0,482,251,344
0,260,452
0
0,473
0,296
0
0,293
0,365
0,461
0
0
0
0
0
0
0
0
0
0
0
0
0
0
0
0
0
0
0
0
0
0
0
0
0
0
0
0
0
0
0
0
2,226
2,227
2
2,229
2,230
2
2,232
2,233
2
2,235
2,236
2
2,238
2,239
2
2,241
2,242
2
2,244
2,245
2
2,247
2,248
2
2,250
2,251
2
2,253
2,254
2
2,256
2,257
2
2,259
2,260
2
2,262
2,263
2
2,265
2,266
2
2,268
2,269
2
2,271
2,272
2
2,274
2,275
2
2,277
2,278
2
2,280
2,281
2
2,283
2,284
2
2,286
2,287
2
2,289
2,290
2
2,292
2,293
2
2,295
2,296
2
2,298
2,299
2
2,301
2,302
2
2,304
2,305
2
2,307
2,308
2
2,310
2,311
2
2,313
2,314
2
2,316
2,317
2
2,319
2,320
2
2,322
2,323
2
2,325
2,326
2
2,328
2,329
2
2,331
2,332
2
2,334
2,335
2
2,337
2,338
2
2,340
2,341
2
2,343
2,344
2
2,346
2,347
2
2,349
2,350
2
2,352
2,353
2
2,355
2,356
2
2,358
2,359
2
2,361
2,362
2
2,364
2,365
2
2,367
2,368
2
2,370
2,371
2
2,373
2,374
2
2,376
2,377
2
2,379
2,380
2
2,382
2,383
2
2,385
2,386
2
2,388
2,389
2
2,391
2,392
2
2,394
2,395
2
2,397
2,398
2
2,400
2,401
2
2,403
2,404
2
2,406
2,407
2
2,409
2,410
2
2,412
2,413
2
2,415
2,416
2
2,418
2,419
2
2,421
2,422
2
2,424
2,425
2
2,427
2,428
2
2,430
2,431
2
2,433
2,434
2
2,436
2,437
2
2,439
2,440
2
2,442
2,443
2
2,445
2,446
2
2,448
2,449
2
2,451
2,452
2
2,454
2,455
2
2,457
2,458
2
2,460
2,461
2
2,463
2,464
2
2,466
2,467
2
2,469
2,470
2
2,472
2,473
2
2,475
2,476
2
2,478
2,479
2
2,481
2,482
2
2,484
2,485
2
2,487
2,488
2
2,490
2,491
2
2,493
2,494
2
2,496
2,497
2
2,499
2,500
2
2,502
2,503
2
3,542,545,536
3,541,539,532,618
3,544,534,621
3,620,617,530,538
3,540,604,507,603,505,531,543,533,529,535,506,537,504
3,624,553,547,627
3,625,549,554
3,551,628
3,546,511,606,550,552,510,509,548,605
3,635,565,558
3,632,563,566,560
3,556,562,634,631
3,555,514,608,559,557,561,513,515,607,564
3,578,572,575,639
3,638,577,641,568
3,574,570,642
3,573,609,576,569,610,519,571,517,567,518
3,646,582,589,587
3,584,649,590
3,580,586,648,645
3,523,581,612,579,521,522,611,585,588,583
3,656,596,599
3,652,655,592,601
3,602,653,598,594
3,597,613,595,600,591,525,614,527,593,526
4,530
4
4,532
4
4,534
4
4,536
4
4,538
4,539
4
4,541
4,542
4
4,544
4,545
4
4,547
4
4,549
4
4,551
4
4,553
4,554
4
4,556
4
4,558
4
4,560
4
4,562
4,563
4
4,565
4,566
4
4,568
4
4,570
4
4,572
4
4,574
4,575
4
4,577
4,578
4
4,580
4
4,582
4
4,584
4
4,586
4,587
4
4,589
4,590
4
4,592
4
4,594
4
4,596
4
4,598
4,599
4
4,601
4,602
4
5,615
5,619
5,622
5,626
5,629
5,633
5,636
5,640
5,643
5,647
5,650
5,654
6,616
6,617
6,618
6
6,620
6,621
6
6,623
6,624
6,625
6
6,627
6,628
6
6,630
6,631
6,632
6
6,634
6,635
6
6,637
6,638
6,639
6
6,641
6,642
6
6,644
6,645
6,646
6
6,648
6,649
6
6,651
6,652
6,653
6
6,655
6,656
6
13,546,581,557
13,548,550
14,588,354,285,630,252,273,420,486,360,276,564,303,417,336,429,405,321,342,246,255,291,597,537,363,396,306,318,324,616,282,249,465,435,411,468,384,243,261,327,462,456,330,573,345,453,264,381,474,309,477,225,489,297,637,372,312,258,471,501,561,378,228,294,375,390,654,480,483,237,444,339,351,240,626,438,333,288,450,495,619,348,414,576,498,552,399,300,459,441,366,432,234,267,647,315,357,423,270,408,369,387,426,393,492,402,623,447,231,279
13,535
14,644,600,640,651,633,585
14,540,543
13,531,583,559,533,571,595
13,579,591,555,567
13,529,569,593