0
0
0
0
0
0,249,231,213,279
0,240
0,294,153,261,297
0,171,282
0
0,243,198
0,219,267
0
0,216,288
0,192
0,186
0
0,204
0,252,273,258
0,162
0
0
0
0,156
0,150,189,285,159
0
0
0
0
0
0
0
0
0
0
0
0
0
0
0
0
0
0
0
0
0,287
0
0,170
0,269
0,299
0,149
0,164
0,257
0,185
0,146
0,212
0,236
0,263
0,305
0,245
0,233
0,251
0,188
0,221
0,167
0,215
0,203
0,242
0,296
0,206
0,266
0,293
0,284
0,176
0,209
0,179
0
0,200
0,314
0,260
0,197
0,158
0,182
0,281
0,191
0,290
0,218
0,302
0,278
0,173
0,248
0,155
0,272
0,224
0,308
0,194
0,230
0,239
0,317
0,161
0,254
0,227
0,311
0,275
0,152
0,291,222
0,165
0
0,147,315
0
0,312
0,255
0
0,210,183,180
0,234
0,276
0,228,264,318,177
0,237
0,174,201
0,246
0,195,306
0,300
0,207
0,309,303,168
0,270,225
0
0
0
0
0
0
0
0
0
0
0
0
0
0
0
0
0
0
0
0
2,146
2,147
2
2,149
2,150
2
2,152
2,153
2
2,155
2,156
2
2,158
2,159
2
2,161
2,162
2
2,164
2,165
2
2,167
2,168
2
2,170
2,171
2
2,173
2,174
2
2,176
2,177
2
2,179
2,180
2
2,182
2,183
2
2,185
2,186
2
2,188
2,189
2
2,191
2,192
2
2,194
2,195
2
2,197
2,198
2
2,200
2,201
2
2,203
2,204
2
2,206
2,207
2
2,209
2,210
2
2,212
2,213
2
2,215
2,216
2
2,218
2,219
2
2,221
2,222
2
2,224
2,225
2
2,227
2,228
2
2,230
2,231
2
2,233
2,234
2
2,236
2,237
2
2,239
2,240
2
2,242
2,243
2
2,245
2,246
2
2,248
2,249
2
2,251
2,252
2
2,254
2,255
2
2,257
2,258
2
2,260
2,261
2
2,263
2,264
2
2,266
2,267
2
2,269
2,270
2
2,272
2,273
2
2,275
2,276
2
2,278
2,279
2
2,281
2,282
2
2,284
2,285
2
2,287
2,288
2
2,290
2,291
2
2,293
2,294
2
2,296
2,297
2
2,299
2,300
2
2,302
2,303
2
2,305
2,306
2
2,308
2,309
2
2,311
2,312
2
2,314
2,315
2
2,317
2,318
2
3,351,357,360
3,356,354,347,433
3,359,349,436
3,435,345,432,353
3,419,350,348,322,418,320,346,358,344,321,355,352,319
3,439,368,362,442
3,369,440,364
3,443,366
3,324,361,421,326,365,367,325,363,420
3,373,450,380
3,381,447,378,375
3,371,377,449,446
3,379,370,423,374,376,328,330,329,372,422
3,393,387,390,454
3,392,453,456,383
3,389,385,457
3,424,391,332,384,386,425,334,388,382,333
3,461,397,404,402
3,464,399,405
3,463,460,395,401
3,338,396,427,394,336,337,426,398,400,403
3,471,411,414
3,467,407,470,416
3,417,468,413,409
3,428,410,340,415,406,412,429,342,408,341
4,345
4
4,347
4
4,349
4
4,351
4
4,353
4,354
4
4,356
4,357
4
4,359
4,360
4
4,362
4
4,364
4
4,366
4
4,368
4,369
4
4,371
4
4,373
4
4,375
4
4,377
4,378
4
4,380
4,381
4
4,383
4
4,385
4
4,387
4
4,389
4,390
4
4,392
4,393
4
4,395
4
4,397
4
4,399
4
4,401
4,402
4
4,404
4,405
4
4,407
4
4,409
4
4,411
4
4,413
4,414
4
4,416
4,417
4
5,430
5,434
5,437
5,441
5,444
5,448
5,451
5,455
5,458
5,462
5,465
5,469
6,431
6,432
6,433
6
6,435
6,436
6
6,438
6,439
6,440
6
6,442
6,443
6
6,445
6,446
6,447
6
6,449
6,450
6
6,452
6,453
6,454
6
6,456
6,457
6
6,459
6,460
6,461
6
6,463
6,464
6
6,466
6,467
6,468
6
6,470
6,471
6
13,361,396,372
13,363,365
14,229,274,352,205,445,172,280,412,196,223,256,307,241,262,403,166,211,283,316,226,238,244,175,431,202,376,169,304,163,181,247,250,388,265,184,193,301,145,452,292,232,178,298,148,214,295,310,157,259,379,271,160,441,253,208,187,434,268,391,367,220,286,469,154,462,235,277,190,289,313,438,217,199,151
13,350
14,459,448,415,455,466,400
14,358,355
13,346,398,374,348,386,410
13,406,370,382,394
13,344,384,408