0
0
0
0
0
0
0
0
0,380,365
0,248,422,266,296
0,299
0,431
0
0
0,308
0,362,320
0,263
0,437,428
0,242,347,338,227,392
0,305
0
0,269,293
0,413,404
0,485,335,329,476
0,389,302
0
0,449
0,443,326
0,479,425,353
0,257
0
0,410
0
0
0
0,287
0,488,473,458
0
0,416
0
0
0
0
0
0
0
0
0
0
0
0
0
0
0
0
0
0
0
0
0
0
0
0
0
0
0
0
0
0
0
0,364
0,235
0,307
0,400
0,304
0,457
0,439
0,469
0,250
0,385
0,433
0,331
0,388
0
0,472
0,394
0,310
0,466
0,484
0,289
0,298
0,454
0,427
0,463
0,445
0,340
0,244
0,349
0,286
0,361
0,436
0,352
0,460
0,346
0,274
0,367
0,373
0,424
0,238
0,325
0,376
0,475
0,370
0,358
0,334
0,277
0,496
0,226
0,451
0,259
0,442
0,280
0,421
0,322
0,403
0,295
0,418
0,406
0,481
0,490
0,343
0,355
0,265
0,316
0
0,415
0,409
0,301
0,256
0,271
0,493
0,397
0,319
0,448
0,241
0,232
0,262
0,412
0,253
0,292
0,391
0,430
0,328
0,229
0,283
0,379
0,382
0,337
0,487
0,478
0,313
0,247
0,268
0
0,341,455
0,275,419,314,230
0,386
0,239
0,284
0,398
0
0,290,332,251
0,359
0,434
0,491
0,467,461
0,323,272
0,452,356
0,383,377
0,233,497
0,446,254
0
0,482,401
0,317,344,464
0,281,245
0,374
0,236,395
0
0,368
0,407
0,470
0,440
0,311
0,278,494,260,350,371
0
0
0
0
0
0
0
0
0
0
0
0
0
0
0
0
0
0
0
0
0
0
0
0
0
0
0
0
0
0
0
2,226
2,227
2
2,229
2,230
2
2,232
2,233
2
2,235
2,236
2
2,238
2,239
2
2,241
2,242
2
2,244
2,245
2
2,247
2,248
2
2,250
2,251
2
2,253
2,254
2
2,256
2,257
2
2,259
2,260
2
2,262
2,263
2
2,265
2,266
2
2,268
2,269
2
2,271
2,272
2
2,274
2,275
2
2,277
2,278
2
2,280
2,281
2
2,283
2,284
2
2,286
2,287
2
2,289
2,290
2
2,292
2,293
2
2,295
2,296
2
2,298
2,299
2
2,301
2,302
2
2,304
2,305
2
2,307
2,308
2
2,310
2,311
2
2,313
2,314
2
2,316
2,317
2
2,319
2,320
2
2,322
2,323
2
2,325
2,326
2
2,328
2,329
2
2,331
2,332
2
2,334
2,335
2
2,337
2,338
2
2,340
2,341
2
2,343
2,344
2
2,346
2,347
2
2,349
2,350
2
2,352
2,353
2
2,355
2,356
2
2,358
2,359
2
2,361
2,362
2
2,364
2,365
2
2,367
2,368
2
2,370
2,371
2
2,373
2,374
2
2,376
2,377
2
2,379
2,380
2
2,382
2,383
2
2,385
2,386
2
2,388
2,389
2
2,391
2,392
2
2,394
2,395
2
2,397
2,398
2
2,400
2,401
2
2,403
2,404
2
2,406
2,407
2
2,409
2,410
2
2,412
2,413
2
2,415
2,416
2
2,418
2,419
2
2,421
2,422
2
2,424
2,425
2
2,427
2,428
2
2,430
2,431
2
2,433
2,434
2
2,436
2,437
2
2,439
2,440
2
2,442
2,443
2
2,445
2,446
2
2,448
2,449
2
2,451
2,452
2
2,454
2,455
2
2,457
2,458
2
2,460
2,461
2
2,463
2,464
2
2,466
2,467
2
2,469
2,470
2
2,472
2,473
2
2,475
2,476
2
2,478
2,479
2
2,481
2,482
2
2,484
2,485
2
2,487
2,488
2
2,490
2,491
2
2,493
2,494
2
2,496
2,497
2
3,530,539,536
3,535,533,526,612
3,538,528,615
3,614,524,611,532
3,598,529,527,501,597,499,525,537,523,500,534,498,531
3,618,547,541,621
3,619,543,548
3,545,622
3,546,540,505,600,504,503,544,542,599
3,552,629,559
3,557,554,626,560
3,550,625,556,628
3,558,549,601,508,602,553,555,551,507,509
3,572,566,569,633
3,571,632,635,562
3,568,564,636
3,567,603,561,570,511,563,565,604,513,512
3,640,576,583,581
3,643,578,584
3,639,574,580,642
3,517,575,606,573,516,605,579,582,577,515
3,650,590,593
3,586,646,649,595
3,596,647,592,588
3,607,589,594,519,591,608,521,587,585,520
4,524
4
4,526
4
4,528
4
4,530
4
4,532
4,533
4
4,535
4,536
4
4,538
4,539
4
4,541
4
4,543
4
4,545
4
4,547
4,548
4
4,550
4
4,552
4
4,554
4
4,556
4,557
4
4,559
4,560
4
4,562
4
4,564
4
4,566
4
4,568
4,569
4
4,571
4,572
4
4,574
4
4,576
4
4,578
4
4,580
4,581
4
4,583
4,584
4
4,586
4
4,588
4
4,590
4
4,592
4,593
4
4,595
4,596
4
5,609
5,613
5,616
5,620
5,623
5,627
5,630
5,634
5,637
5,641
5,644
5,648
6,610
6,611
6,612
6
6,614
6,615
6
6,617
6,618
6,619
6
6,621
6,622
6
6,624
6,625
6,626
6
6,628
6,629
6
6,631
6,632
6,633
6
6,635
6,636
6
6,638
6,639
6,640
6
6,642
6,643
6
6,645
6,646
6,647
6
6,649
6,650
6
13,540,551,575
13,542,544
14,354,285,624,252,273,420,486,360,591,276,303,417,336,429,405,321,342,582,246,291,363,396,570,318,324,255,610,282,249,300,465,411,483,468,384,243,261,327,462,456,330,345,453,264,567,381,474,309,477,225,489,372,312,306,258,471,378,228,294,375,390,648,237,444,339,351,240,620,438,333,288,450,495,613,555,348,414,546,399,459,441,366,432,631,234,267,641,315,357,423,435,270,408,369,387,480,426,393,492,402,617,297,447,531,231,558,279
13,529
14,638,627,594,634,645,579
14,537,534
13,525,577,553,527,565,589
13,573,585,549,561
13,523,563,587