0
0
0
0
0
0
0
0
0
0,320,431
0,428
0
0,404
0,362
0,446
0,389,410,425
0,467,299,377,248
0
0,269
0,296
0,278
0
0,491,533
0
0
0,476,524,323,494
0,344
0
0,500
0,371
0
0
0
0
0,365
0,302,380
0,281,359,275,314
0,254
0,374,512
0,413
0,353,422,464
0,518,284
0
0
0
0
0
0
0
0
0
0
0
0
0
0
0
0
0
0
0
0
0
0
0
0
0
0
0
0
0
0
0
0
0
0,448
0,475
0,385
0,382
0,280
0,376
0,505
0,499
0,529
0,511
0,535
0,262
0,424
0,517
0,352
0,355
0,277
0,343
0,400
0,496
0,508
0,253
0,304
0,409
0,418
0,460
0,283
0,346
0,484
0,259
0,412
0,451
0,388
0,307
0,250
0,487
0,421
0,286
0,430
0,271
0,436
0,367
0,466
0,328
0,274
0,454
0,241
0,427
0,442
0,313
0,370
0,493
0,457
0,490
0,289
0,478
0,298
0,256
0,379
0,520
0,292
0,373
0,358
0,265
0,406
0,532
0,472
0,415
0,349
0,337
0,244
0,361
0,331
0,391
0,403
0,319
0,325
0,364
0,316
0,301
0,469
0,445
0,394
0,247
0,397
0,340
0,502
0,523
0,295
0,481
0,526
0,334
0,439
0,514
0,322
0,433
0,268
0,310
0,463
0,368,398,434
0,470,506
0,449,521,482
0,440,338,536,263
0
0,272
0,479,473
0
0,530
0,461
0,341,419
0,392,257
0,458,347,317
0,290,527
0
0,329,503,455
0,251
0,293
0,287,332
0,311
0,260,395
0,383
0,488
0,509,350,416
0,452
0,308,443
0,401
0,245,497,356,485,407,386,242
0
0,515,335,326,305
0,266
0
0,437
0
0
0
0
0
0
0
0
0
0
0
0
0
0
0
0
0
0
0
0
0
0
0
0
0
0
0
0
0
0
0
0
0
2,241
2,242
2
2,244
2,245
2
2,247
2,248
2
2,250
2,251
2
2,253
2,254
2
2,256
2,257
2
2,259
2,260
2
2,262
2,263
2
2,265
2,266
2
2,268
2,269
2
2,271
2,272
2
2,274
2,275
2
2,277
2,278
2
2,280
2,281
2
2,283
2,284
2
2,286
2,287
2
2,289
2,290
2
2,292
2,293
2
2,295
2,296
2
2,298
2,299
2
2,301
2,302
2
2,304
2,305
2
2,307
2,308
2
2,310
2,311
2
2,313
2,314
2
2,316
2,317
2
2,319
2,320
2
2,322
2,323
2
2,325
2,326
2
2,328
2,329
2
2,331
2,332
2
2,334
2,335
2
2,337
2,338
2
2,340
2,341
2
2,343
2,344
2
2,346
2,347
2
2,349
2,350
2
2,352
2,353
2
2,355
2,356
2
2,358
2,359
2
2,361
2,362
2
2,364
2,365
2
2,367
2,368
2
2,370
2,371
2
2,373
2,374
2
2,376
2,377
2
2,379
2,380
2
2,382
2,383
2
2,385
2,386
2
2,388
2,389
2
2,391
2,392
2
2,394
2,395
2
2,397
2,398
2
2,400
2,401
2
2,403
2,404
2
2,406
2,407
2
2,409
2,410
2
2,412
2,413
2
2,415
2,416
2
2,418
2,419
2
2,421
2,422
2
2,424
2,425
2
2,427
2,428
2
2,430
2,431
2
2,433
2,434
2
2,436
2,437
2
2,439
2,440
2
2,442
2,443
2
2,445
2,446
2
2,448
2,449
2
2,451
2,452
2
2,454
2,455
2
2,457
2,458
2
2,460
2,461
2
2,463
2,464
2
2,466
2,467
2
2,469
2,470
2
2,472
2,473
2
2,475
2,476
2
2,478
2,479
2
2,481
2,482
2
2,484
2,485
2
2,487
2,488
2
2,490
2,491
2
2,493
2,494
2
2,496
2,497
2
2,499
2,500
2
2,502
2,503
2
2,505
2,506
2
2,508
2,509
2
2,511
2,512
2
2,514
2,515
2
2,517
2,518
2
2,520
2,521
2
2,523
2,524
2
2,526
2,527
2
2,529
2,530
2
2,532
2,533
2
2,535
2,536
2
3,575,578,569
3,574,572,565,651
3,577,567,654
3,653,650,563,571
3,573,637,568,566,540,636,538,564,576,570,562,539,537
3,657,586,580,660
3,587,658,582
3,661,584
3,579,544,639,583,585,543,581,638,542
3,591,668,598
3,599,596,665,593
3,589,595,667,664
3,547,588,641,592,594,546,640,590,597,548
3,611,605,608,672
3,610,671,674,601
3,607,603,675
3,606,642,550,609,602,604,643,552,600,551
3,679,615,620,622
3,617,623,682
3,613,619,681,678
3,556,645,612,554,555,644,614,618,621,616
3,689,629,632
3,685,625,688,634
3,686,635,631,627
3,646,628,633,626,630,647,560,624,558,559
4,563
4
4,565
4
4,567
4
4,569
4
4,571
4,572
4
4,574
4,575
4
4,577
4,578
4
4,580
4
4,582
4
4,584
4
4,586
4,587
4
4,589
4
4,591
4
4,593
4
4,595
4,596
4
4,598
4,599
4
4,601
4
4,603
4
4,605
4
4,607
4,608
4
4,610
4,611
4
4,613
4
4,615
4
4,617
4
4,619
4,620
4
4,622
4,623
4
4,625
4
4,627
4
4,629
4
4,631
4,632
4
4,634
4,635
4
5,648
5,652
5,655
5,659
5,662
5,666
5,669
5,673
5,676
5,680
5,683
5,687
6,649
6,650
6,651
6
6,653
6,654
6
6,656
6,657
6,658
6
6,660
6,661
6
6,663
6,664
6,665
6
6,667
6,668
6
6,670
6,671
6,672
6
6,674
6,675
6
6,677
6,678
6,679
6
6,681
6,682
6
6,684
6,685
6,686
6
6,688
6,689
6
13,579,614,590
13,581,583
14,348,369,300,663,267,525,375,630,291,597,318,432,351,444,279,420,652,336,357,621,261,270,306,378,411,321,489,333,339,297,594,264,513,315,450,426,498,483,399,258,276,342,477,345,519,360,468,471,288,606,396,528,435,324,492,240,504,312,670,387,522,327,273,486,516,393,243,309,390,405,495,252,459,354,366,255,649,659,453,303,465,510,363,429,609,531,585,414,474,456,381,447,687,249,282,680,330,372,438,480,285,534,384,402,441,408,507,417,656,462,570,246,423,294,501
13,568
14,677,618,673,633,666,684
14,576,573
13,564,616,592,566,604,628
13,612,624,588,600
13,562,602,626