0
0
0
0,166
0
0,97,157
0,109
0
0,151,82
0,100,124
0,106,94,118
0,142,154
0,88,103,163
0,145,127
0
0
0
0
0
0
0
0
0
0
0
0,159
0,114
0
0,171
0,168
0,105
0,144
0,153
0,99
0,156
0,102
0,132
0,165
0,90
0,150
0,123
0,96
0,81
0,108
0,162
0,111
0,126
0,147
0,138
0,129
0,141
0,84
0
0,93
0,120
0,87
0,117
0,135
0,160,115
0,139,91
0,148
0,121
0
0,85,136,172
0,130
0,133
0
0,169,112
0
0
0
0
0
0
0
0
0
0
0
0
2,81
2,82
2
2,84
2,85
2
2,87
2,88
2
2,90
2,91
2
2,93
2,94
2
2,96
2,97
2
2,99
2,100
2
2,102
2,103
2
2,105
2,106
2
2,108
2,109
2
2,111
2,112
2
2,114
2,115
2
2,117
2,118
2
2,120
2,121
2
2,123
2,124
2
2,126
2,127
2
2,129
2,130
2
2,132
2,133
2
2,135
2,136
2
2,138
2,139
2
2,141
2,142
2
2,144
2,145
2
2,147
2,148
2
2,150
2,151
2
2,153
2,154
2
2,156
2,157
2
2,159
2,160
2
2,162
2,163
2
2,165
2,166
2
2,168
2,169
2
2,171
2,172
2
3,205,211,214
3,210,208,201,287
3,213,203,290
3,289,199,286,207
3,273,202,176,272,174,200,212,198,175,209,204,206,173
3,293,222,216,296
3,223,294,218
3,220,297
3,215,275,180,219,221,179,178,217,274
3,234,227,304
3,232,301,235,229
3,225,231,303,300
3,233,224,277,228,230,182,184,183,226,276
3,247,241,244,308
3,246,310,237,307
3,243,239,311
3,278,245,186,238,240,279,188,242,236,187
3,315,251,258,256
3,318,253,259
3,314,249,255,317
3,192,281,248,190,191,280,250,252,254,257
3,325,265,268
3,321,261,324,270
3,271,322,267,263
3,282,264,283,269,260,194,266,196,262,195
4,199
4
4,201
4
4,203
4
4,205
4
4,207
4,208
4
4,210
4,211
4
4,213
4,214
4
4,216
4
4,218
4
4,220
4
4,222
4,223
4
4,225
4
4,227
4
4,229
4
4,231
4,232
4
4,234
4,235
4
4,237
4
4,239
4
4,241
4
4,243
4,244
4
4,246
4,247
4
4,249
4
4,251
4
4,253
4
4,255
4,256
4
4,258
4,259
4
4,261
4
4,263
4
4,265
4
4,267
4,268
4
4,270
4,271
4
5,284
5,288
5,291
5,295
5,298
5,302
5,305
5,309
5,312
5,316
5,319
5,323
6,285
6,286
6,287
6
6,289
6,290
6
6,292
6,293
6,294
6
6,296
6,297
6
6,299
6,300
6,301
6
6,303
6,304
6
6,306
6,307
6,308
6
6,310
6,311
6
6,313
6,314
6,315
6
6,317
6,318
6
6,320
6,321
6,322
6
6,324
6,325
6
13,215,250,226
13,217,219
14,206,140,299,107,128,266,131,158,257,101,110,146,161,285,137,230,104,155,98,116,242,119,164,80,152,306,167,113,83,149,316,92,233,95,295,143,288,245,221,323,89,122,170,125,292,86,134
13,204
14,313,302,269,309,320,254
14,212,209
13,200,252,228,202,240,264
13,260,224,236,248
13,198,238,262