0
0
0
0
0
0
0
0
0
0,326,260,251
0,263,254,278
0,284,485,533
0,296,422
0
0,449,365
0
0,440
0,434,482
0,476,404
0,356
0,428,344,455
0,515,248,446,371,302
0,521
0
0,368
0,257,491
0
0,350,374,443
0,317,419
0,293
0,488,452
0,458,332,329
0
0,266
0,524,335
0,392
0,470,467,461
0,503,425
0,413,398
0,389
0,308,497,320
0,386,242
0
0
0
0
0
0
0
0
0
0
0
0
0
0
0
0
0
0
0
0
0
0
0
0
0
0
0
0
0
0
0
0
0
0,520
0,442
0,322
0,484
0,403
0,343
0,253
0,397
0,406
0,445
0,472
0,370
0,511
0,409
0
0,448
0,475
0,355
0,313
0,418
0,508
0,505
0,316
0,439
0,310
0,514
0,301
0,376
0,502
0,430
0,331
0,523
0,358
0,244
0,487
0,391
0,241
0,529
0,262
0,451
0,415
0,478
0,247
0,463
0,295
0,304
0,454
0,496
0,361
0,286
0,388
0,382
0,277
0,307
0,328
0,280
0,466
0,349
0,256
0,499
0,283
0,469
0,346
0,289
0,268
0,373
0,424
0,400
0,517
0,334
0,340
0,298
0,526
0,379
0,436
0,412
0,352
0,337
0,259
0,319
0,325
0,265
0,427
0,367
0,460
0,394
0,421
0,532
0,493
0,292
0,274
0,271
0,364
0,250
0,481
0,457
0,490
0,433
0,385
0,347,323
0,380
0,269,305
0,410
0
0,473,530
0
0,377,494,518,509
0,275,281
0
0,407,506
0
0,479
0
0,314
0,383
0,512
0,416
0,245,287
0,500
0,341
0,362
0
0,464
0
0,437
0
0,431
0,338,272,311,395,359
0
0
0,299,401
0,527,290,353
0
0
0
0
0
0
0
0
0
0
0
0
0
0
0
0
0
0
0
0
0
0
0
0
0
0
0
0
0
0
0
0
0
2,241
2,242
2
2,244
2,245
2
2,247
2,248
2
2,250
2,251
2
2,253
2,254
2
2,256
2,257
2
2,259
2,260
2
2,262
2,263
2
2,265
2,266
2
2,268
2,269
2
2,271
2,272
2
2,274
2,275
2
2,277
2,278
2
2,280
2,281
2
2,283
2,284
2
2,286
2,287
2
2,289
2,290
2
2,292
2,293
2
2,295
2,296
2
2,298
2,299
2
2,301
2,302
2
2,304
2,305
2
2,307
2,308
2
2,310
2,311
2
2,313
2,314
2
2,316
2,317
2
2,319
2,320
2
2,322
2,323
2
2,325
2,326
2
2,328
2,329
2
2,331
2,332
2
2,334
2,335
2
2,337
2,338
2
2,340
2,341
2
2,343
2,344
2
2,346
2,347
2
2,349
2,350
2
2,352
2,353
2
2,355
2,356
2
2,358
2,359
2
2,361
2,362
2
2,364
2,365
2
2,367
2,368
2
2,370
2,371
2
2,373
2,374
2
2,376
2,377
2
2,379
2,380
2
2,382
2,383
2
2,385
2,386
2
2,388
2,389
2
2,391
2,392
2
2,394
2,395
2
2,397
2,398
2
2,400
2,401
2
2,403
2,404
2
2,406
2,407
2
2,409
2,410
2
2,412
2,413
2
2,415
2,416
2
2,418
2,419
2
2,421
2,422
2
2,424
2,425
2
2,427
2,428
2
2,430
2,431
2
2,433
2,434
2
2,436
2,437
2
2,439
2,440
2
2,442
2,443
2
2,445
2,446
2
2,448
2,449
2
2,451
2,452
2
2,454
2,455
2
2,457
2,458
2
2,460
2,461
2
2,463
2,464
2
2,466
2,467
2
2,469
2,470
2
2,472
2,473
2
2,475
2,476
2
2,478
2,479
2
2,481
2,482
2
2,484
2,485
2
2,487
2,488
2
2,490
2,491
2
2,493
2,494
2
2,496
2,497
2
2,499
2,500
2
2,502
2,503
2
2,505
2,506
2
2,508
2,509
2
2,511
2,512
2
2,514
2,515
2
2,517
2,518
2
2,520
2,521
2
2,523
2,524
2
2,526
2,527
2
2,529
2,530
2
2,532
2,533
2
3,566,572,575
3,571,569,562,648
3,574,564,651
3,650,560,647,568
3,634,565,563,537,633,536,535,561,573,559,570,567,534
3,654,583,577,657
3,584,655,579
3,581,658
3,576,636,540,541,580,582,539,578,635
3,665,595,588
3,593,662,596,590
3,586,592,664,661
3,594,585,637,638,591,589,545,543,544,587
3,608,602,605,669
3,598,607,668,671
3,604,672,600
3,597,639,603,606,547,599,601,640,549,548
3,612,676,619,617
3,679,620,614
3,616,678,675,610
3,551,611,609,552,641,642,553,615,618,613
3,686,626,629
3,622,682,685,631
3,632,683,628,624
3,643,625,630,621,555,644,557,623,627,556
4,560
4
4,562
4
4,564
4
4,566
4
4,568
4,569
4
4,571
4,572
4
4,574
4,575
4
4,577
4
4,579
4
4,581
4
4,583
4,584
4
4,586
4
4,588
4
4,590
4
4,592
4,593
4
4,595
4,596
4
4,598
4
4,600
4
4,602
4
4,604
4,605
4
4,607
4,608
4
4,610
4
4,612
4
4,614
4
4,616
4,617
4
4,619
4,620
4
4,622
4
4,624
4
4,626
4
4,628
4,629
4
4,631
4,632
4
5,645
5,649
5,652
5,656
5,659
5,663
5,666
5,670
5,673
5,677
5,680
5,684
6,646
6,647
6,648
6
6,650
6,651
6
6,653
6,654
6,655
6
6,657
6,658
6
6,660
6,661
6,662
6
6,664
6,665
6
6,667
6,668
6,669
6
6,671
6,672
6
6,674
6,675
6,676
6
6,678
6,679
6
6,681
6,682
6,683
6
6,685
6,686
6
13,576,611,587
13,578,580
14,369,567,300,660,465,267,288,501,375,627,291,318,432,351,444,420,336,357,618,261,306,378,411,321,489,333,339,270,646,297,591,264,513,315,480,450,426,498,399,258,276,342,525,477,471,345,603,519,360,468,582,396,528,435,324,414,492,240,504,667,387,522,327,273,486,462,516,393,243,309,474,390,405,495,252,459,354,594,366,279,255,656,453,348,303,510,649,363,429,606,531,456,381,447,684,249,282,677,330,372,438,285,384,402,483,441,408,507,417,653,312,246,423,294
13,565
14,674,670,663,681,630,615
14,570,573
13,561,613,589,563,601,625
13,609,621,585,597
13,559,599,623