0
0
0
0
0
0
0
0
0,276,150,306
0,198,186,171
0,183,156
0,267
0,243
0,264
0,258
0
0,270
0,195,189
0,165,324
0
0,204,318,207
0
0
0,219
0,261
0
0
0
0
0
0
0
0
0
0
0
0
0
0
0
0
0
0
0
0
0,176
0,299
0,221
0,275
0,167
0,311
0,146
0,233
0,158
0,287
0,179
0,191
0,194
0,209
0,215
0,188
0,242
0,302
0,197
0,155
0,200
0,236
0,272
0,308
0,284
0,170
0,230
0,254
0,212
0,227
0,173
0,266
0,182
0,203
0,320
0,251
0,239
0,224
0,278
0,218
0,260
0,164
0,185
0,152
0,290
0,245
0,206
0,305
0,263
0,269
0,248
0,257
0,314
0,281
0,293
0,323
0,296
0,317
0,149
0,161
0
0,249,282,210,159
0,177,288
0,273,300,192
0,285
0,309,240,231,291
0,147,225,279,252
0,180,168
0,222
0,234,255,321,216
0,312,162
0,297
0
0,315
0,237
0,213,174
0,246
0,228,294,153
0
0,303,201
0
0
0
0
0
0
0
0
0
0
0
0
0
0
0
0
0
0
0
0
2,146
2,147
2
2,149
2,150
2
2,152
2,153
2
2,155
2,156
2
2,158
2,159
2
2,161
2,162
2
2,164
2,165
2
2,167
2,168
2
2,170
2,171
2
2,173
2,174
2
2,176
2,177
2
2,179
2,180
2
2,182
2,183
2
2,185
2,186
2
2,188
2,189
2
2,191
2,192
2
2,194
2,195
2
2,197
2,198
2
2,200
2,201
2
2,203
2,204
2
2,206
2,207
2
2,209
2,210
2
2,212
2,213
2
2,215
2,216
2
2,218
2,219
2
2,221
2,222
2
2,224
2,225
2
2,227
2,228
2
2,230
2,231
2
2,233
2,234
2
2,236
2,237
2
2,239
2,240
2
2,242
2,243
2
2,245
2,246
2
2,248
2,249
2
2,251
2,252
2
2,254
2,255
2
2,257
2,258
2
2,260
2,261
2
2,263
2,264
2
2,266
2,267
2
2,269
2,270
2
2,272
2,273
2
2,275
2,276
2
2,278
2,279
2
2,281
2,282
2
2,284
2,285
2
2,287
2,288
2
2,290
2,291
2
2,293
2,294
2
2,296
2,297
2
2,299
2,300
2
2,302
2,303
2
2,305
2,306
2
2,308
2,309
2
2,311
2,312
2
2,314
2,315
2
2,317
2,318
2
2,320
2,321
2
2,323
2,324
2
3,363,366,357
3,362,360,353,439
3,365,355,442
3,441,351,438,359
3,425,356,354,328,424,326,352,364,350,327,361,358,325
3,445,374,368,448
3,446,370,375
3,449,372
3,367,332,427,371,373,331,330,369,426
3,386,379,456
3,381,453,384,387
3,377,383,455,452
3,385,376,335,380,429,382,334,336,378,428
3,399,393,396,460
3,459,398,462,389
3,395,391,463
3,430,397,338,390,431,340,394,392,388,339
3,467,403,410,408
3,411,405,470
3,466,401,407,469
3,402,433,400,342,343,432,344,406,409,404
3,477,417,420
3,473,413,476,422
3,423,474,419,415
3,434,416,421,412,346,418,435,348,414,347
4,351
4
4,353
4
4,355
4
4,357
4
4,359
4,360
4
4,362
4,363
4
4,365
4,366
4
4,368
4
4,370
4
4,372
4
4,374
4,375
4
4,377
4
4,379
4
4,381
4
4,383
4,384
4
4,386
4,387
4
4,389
4
4,391
4
4,393
4
4,395
4,396
4
4,398
4,399
4
4,401
4
4,403
4
4,405
4
4,407
4,408
4
4,410
4,411
4
4,413
4
4,415
4
4,417
4
4,419
4,420
4
4,422
4,423
4
5,436
5,440
5,443
5,447
5,450
5,454
5,457
5,461
5,464
5,468
5,471
5,475
6,437
6,438
6,439
6
6,441
6,442
6
6,444
6,445
6,446
6
6,448
6,449
6
6,451
6,452
6,453
6
6,455
6,456
6
6,458
6,459
6,460
6
6,462
6,463
6
6,465
6,466
6,467
6
6,469
6,470
6
6,472
6,473
6,474
6
6,476
6,477
6
13,402,367,378
13,369,371
14,253,358,205,451,172,280,418,196,223,256,440,241,262,409,166,274,175,211,283,316,226,238,244,437,202,382,169,220,304,163,181,247,250,265,184,193,394,301,229,145,458,292,232,178,298,148,214,295,310,157,259,385,271,160,447,208,268,397,373,319,286,475,154,187,468,235,277,190,289,307,313,322,444,217,151,199
13,356
14,465,454,461,472,421,406
14,364,361
13,352,404,380,354,392,416
13,400,376,412,388
13,350,390,414