0
0
0
0
0
0
0
0,357
0,378,267
0,405,411
0
0,342,288
0
0
0,273,387
0
0,243,228
0,417,237,255,297,369
0
0,321,303
0,222
0,384
0,360,372,390,282
0,432
0,426,204,429,327,339
0,276,225
0
0,315
0
0,423
0,420,363
0
0,408,294,399
0
0
0
0
0
0
0
0
0
0
0
0
0
0
0
0
0
0
0
0
0
0
0
0
0
0
0
0
0,257
0,407
0,218
0,353
0,254
0,299
0,377
0,281
0,209
0,308
0,311
0,197
0,314
0,419
0,236
0,323
0,275
0,401
0,380
0,329
0,344
0,368
0,242
0,224
0,335
0,293
0,239
0,296
0,374
0,398
0,395
0,203
0,338
0,428
0,230
0,422
0,212
0,302
0,206
0,200
0,431
0,245
0,359
0,392
0,326
0,383
0,278
0,287
0,317
0,356
0,410
0,371
0,248
0,290
0,332
0,389
0,227
0
0,266
0,251
0,341
0,362
0,347
0,221
0,269
0,434
0,404
0,215
0,386
0,320
0,305
0,233
0,263
0,350
0,272
0,425
0,284
0,413
0,365
0,416
0,260
0
0
0,396,333,393,336,231
0,270
0,366,330,285
0,213
0
0,354,234,306
0,345
0,309,252,375
0
0,348,264
0
0,435,300,414
0,249
0,210
0,198
0
0,216,324,261,318
0,207,219
0,246
0,240
0,402,351
0,381,201
0,291,258
0,279,312
0
0
0
0
0
0
0
0
0
0
0
0
0
0
0
0
0
0
0
0
0
0
0
0
0
0
0
0
2,197
2,198
2
2,200
2,201
2
2,203
2,204
2
2,206
2,207
2
2,209
2,210
2
2,212
2,213
2
2,215
2,216
2
2,218
2,219
2
2,221
2,222
2
2,224
2,225
2
2,227
2,228
2
2,230
2,231
2
2,233
2,234
2
2,236
2,237
2
2,239
2,240
2
2,242
2,243
2
2,245
2,246
2
2,248
2,249
2
2,251
2,252
2
2,254
2,255
2
2,257
2,258
2
2,260
2,261
2
2,263
2,264
2
2,266
2,267
2
2,269
2,270
2
2,272
2,273
2
2,275
2,276
2
2,278
2,279
2
2,281
2,282
2
2,284
2,285
2
2,287
2,288
2
2,290
2,291
2
2,293
2,294
2
2,296
2,297
2
2,299
2,300
2
2,302
2,303
2
2,305
2,306
2
2,308
2,309
2
2,311
2,312
2
2,314
2,315
2
2,317
2,318
2
2,320
2,321
2
2,323
2,324
2
2,326
2,327
2
2,329
2,330
2
2,332
2,333
2
2,335
2,336
2
2,338
2,339
2
2,341
2,342
2
2,344
2,345
2
2,347
2,348
2
2,350
2,351
2
2,353
2,354
2
2,356
2,357
2
2,359
2,360
2
2,362
2,363
2
2,365
2,366
2
2,368
2,369
2
2,371
2,372
2
2,374
2,375
2
2,377
2,378
2
2,380
2,381
2
2,383
2,384
2
2,386
2,387
2
2,389
2,390
2
2,392
2,393
2
2,395
2,396
2
2,398
2,399
2
2,401
2,402
2
2,404
2,405
2
2,407
2,408
2
2,410
2,411
2
2,413
2,414
2
2,416
2,417
2
2,419
2,420
2
2,422
2,423
2
2,425
2,426
2
2,428
2,429
2
2,431
2,432
2
2,434
2,435
2
3,468,474,477
3,473,471,464,550
3,476,466,553
3,552,462,549,470
3,472,536,467,465,439,535,437,463,461,475,438,469,436
3,556,485,479,559
3,557,481,486
3,483,560
3,478,443,538,482,484,441,442,480,537
3,490,567,497
3,564,495,498,492
3,488,494,566,563
3,487,446,540,491,493,445,447,539,489,496
3,510,504,507,571
3,509,570,500,573
3,506,502,574
3,505,541,449,501,503,542,451,508,499,450
3,578,514,519,521
3,581,516,522
3,577,512,518,580
3,455,513,544,511,454,543,515,517,520,453
3,588,528,531
3,584,524,587,533
3,534,585,530,526
3,459,527,525,545,523,457,529,532,546,458
4,462
4
4,464
4
4,466
4
4,468
4
4,470
4,471
4
4,473
4,474
4
4,476
4,477
4
4,479
4
4,481
4
4,483
4
4,485
4,486
4
4,488
4
4,490
4
4,492
4
4,494
4,495
4
4,497
4,498
4
4,500
4
4,502
4
4,504
4
4,506
4,507
4
4,509
4,510
4
4,512
4
4,514
4
4,516
4
4,518
4,519
4
4,521
4,522
4
4,524
4
4,526
4
4,528
4
4,530
4,531
4
4,533
4,534
4
5,547
5,551
5,554
5,558
5,561
5,565
5,568
5,572
5,575
5,579
5,582
5,586
6,548
6,549
6,550
6
6,552
6,553
6
6,555
6,556
6,557
6
6,559
6,560
6
6,562
6,563
6,564
6
6,566
6,567
6
6,569
6,570
6,571
6
6,573
6,574
6
6,576
6,577
6,578
6
6,580
6,581
6
6,583
6,584
6,585
6
6,587
6,588
6
13,513,478,489
13,480,482
14,558,325,469,256,232,223,244,391,331,529,247,274,355,388,307,400,548,376,292,313,520,217,262,334,367,277,508,289,295,226,253,493,220,271,382,250,214,298,433,427,301,505,316,562,555,235,352,280,196,569,343,283,229,424,349,199,265,430,346,361,208,415,310,322,211,409,304,259,421,551,579,319,385,484,370,412,337,403,586,205,238,286,328,394,406,241,340,358,397,364,373,268,418,202,496,379
13,467
14,576,565,572,583,532,517
14,475,472
13,515,463,491,465,503,527
13,511,523,487,499
13,461,501,525