0
0
0
0
0
0
0
0
0,258,393,273
0,492
0,408,414
0
0,288,366
0,432,417
0,336,330,423,435
0
0,504
0
0,342,501
0
0,480
0,441
0,261
0,321
0,426,486
0,468,333,249
0
0,270,240,462
0
0
0,246,276,447,399
0,384
0,456
0,357,327
0,396,309
0,351,507
0,471
0
0,390,465
0,348
0
0
0
0
0
0
0
0
0
0
0
0
0
0
0
0
0
0
0
0
0
0
0
0
0
0
0
0
0
0
0
0
0,233
0,452
0,302
0,281
0,269
0,320
0,491
0,311
0,284
0,290
0,257
0,494
0,503
0,362
0,401
0,275
0,410
0,512
0,482
0,470
0,347
0,395
0,467
0,317
0,323
0,332
0,329
0
0,341
0,476
0,425
0,440
0,458
0,461
0,434
0,374
0,350
0,365
0,248
0,506
0,413
0,449
0,368
0,272
0,488
0,446
0,371
0,251
0,326
0,356
0,305
0,344
0,404
0,392
0,509
0,500
0,497
0,239
0,377
0,437
0,416
0,353
0,473
0,293
0,389
0,419
0,242
0,479
0,485
0,296
0,287
0,314
0,383
0,407
0,380
0,422
0,245
0,260
0,263
0,455
0
0,236
0,335
0,464
0,254
0,308
0,359
0,338
0,398
0,431
0,278
0,443
0,428
0,386
0,299
0,266
0
0,282,234
0
0,297,237
0,252,510
0,402
0,303
0,306
0,405,267,294
0
0,285,300
0,369,429,345,381
0,453,372
0
0,411
0
0,420,264
0,279,444
0,243
0,339,438
0,324,312,387
0,363,255,378
0,474,495,315,291
0,360
0
0,459,375
0
0,354,450,513,483,489
0,318
0,498
0,477
0
0
0
0
0
0
0
0
0
0
0
0
0
0
0
0
0
0
0
0
0
0
0
0
0
0
0
0
0
0
0
0
0
2,233
2,234
2
2,236
2,237
2
2,239
2,240
2
2,242
2,243
2
2,245
2,246
2
2,248
2,249
2
2,251
2,252
2
2,254
2,255
2
2,257
2,258
2
2,260
2,261
2
2,263
2,264
2
2,266
2,267
2
2,269
2,270
2
2,272
2,273
2
2,275
2,276
2
2,278
2,279
2
2,281
2,282
2
2,284
2,285
2
2,287
2,288
2
2,290
2,291
2
2,293
2,294
2
2,296
2,297
2
2,299
2,300
2
2,302
2,303
2
2,305
2,306
2
2,308
2,309
2
2,311
2,312
2
2,314
2,315
2
2,317
2,318
2
2,320
2,321
2
2,323
2,324
2
2,326
2,327
2
2,329
2,330
2
2,332
2,333
2
2,335
2,336
2
2,338
2,339
2
2,341
2,342
2
2,344
2,345
2
2,347
2,348
2
2,350
2,351
2
2,353
2,354
2
2,356
2,357
2
2,359
2,360
2
2,362
2,363
2
2,365
2,366
2
2,368
2,369
2
2,371
2,372
2
2,374
2,375
2
2,377
2,378
2
2,380
2,381
2
2,383
2,384
2
2,386
2,387
2
2,389
2,390
2
2,392
2,393
2
2,395
2,396
2
2,398
2,399
2
2,401
2,402
2
2,404
2,405
2
2,407
2,408
2
2,410
2,411
2
2,413
2,414
2
2,416
2,417
2
2,419
2,420
2
2,422
2,423
2
2,425
2,426
2
2,428
2,429
2
2,431
2,432
2
2,434
2,435
2
2,437
2,438
2
2,440
2,441
2
2,443
2,444
2
2,446
2,447
2
2,449
2,450
2
2,452
2,453
2
2,455
2,456
2
2,458
2,459
2
2,461
2,462
2
2,464
2,465
2
2,467
2,468
2
2,470
2,471
2
2,473
2,474
2
2,476
2,477
2
2,479
2,480
2
2,482
2,483
2
2,485
2,486
2
2,488
2,489
2
2,491
2,492
2
2,494
2,495
2
2,497
2,498
2
2,500
2,501
2
2,503
2,504
2
2,506
2,507
2
2,509
2,510
2
2,512
2,513
2
3,555,546,552
3,551,549,542,628
3,554,544,631
3,630,627,540,548
3,517,614,613,515,541,539,553,516,550,545,547,514,543
3,634,563,637,557
3,559,564,635
3,638,561
3,556,521,616,560,562,520,519,558,615
3,568,645,575
3,642,573,576,570
3,566,572,644,641
3,574,524,565,618,569,567,571,523,525,617
3,588,582,585,649
3,587,648,651,578
3,584,580,652
3,583,619,586,527,579,581,620,529,577,528
3,592,597,656,599
3,594,659,600
3,655,590,596,658
3,533,591,622,589,531,532,621,595,598,593
3,666,606,609
3,662,602,665,611
3,612,663,608,604
3,623,536,605,601,535,607,610,624,537,603
4,540
4
4,542
4
4,544
4
4,546
4
4,548
4,549
4
4,551
4,552
4
4,554
4,555
4
4,557
4
4,559
4
4,561
4
4,563
4,564
4
4,566
4
4,568
4
4,570
4
4,572
4,573
4
4,575
4,576
4
4,578
4
4,580
4
4,582
4
4,584
4,585
4
4,587
4,588
4
4,590
4
4,592
4
4,594
4
4,596
4,597
4
4,599
4,600
4
4,602
4
4,604
4
4,606
4
4,608
4,609
4
4,611
4,612
4
5,625
5,629
5,632
5,636
5,639
5,643
5,646
5,650
5,653
5,657
5,660
5,664
6,626
6,627
6,628
6
6,630
6,631
6
6,633
6,634
6,635
6
6,637
6,638
6
6,640
6,641
6,642
6
6,644
6,645
6
6,647
6,648
6,649
6
6,651
6,652
6
6,654
6,655
6,656
6
6,658
6,659
6
6,661
6,662
6,663
6
6,665
6,666
6
13,556,591,567
13,558,560
14,636,607,361,547,640,484,259,466,280,427,493,250,367,496,283,574,310,424,343,436,394,412,328,349,598,253,262,298,664,370,292,403,313,586,481,325,331,626,289,571,256,505,307,442,418,490,475,391,268,334,469,463,337,406,511,352,460,271,583,388,316,232,379,319,265,478,508,385,235,382,397,244,346,358,247,445,340,295,457,502,629,301,355,421,562,448,373,439,647,241,274,657,322,364,430,277,376,487,433,400,499,409,633,304,454,451,238,415,286,472
13,545
14,654,643,650,661,610,595
14,553,550
13,541,593,543,569,581,605
13,601,565,577,589
13,579,603,539