0
0,43
0,58,64
0,55
0,61
0
0
0
0
0,42
0,36
0,63
0,39
0,51
0,33
0,30
0,54
0,48
0,45
0,57
0,60
0,31,40,46,49
0
0,52
0,34,37
0
0
0
0
2,30
2,31
2
2,33
2,34
2
2,36
2,37
2
2,39
2,40
2
2,42
2,43
2
2,45
2,46
2
2,48
2,49
2
2,51
2,52
2
2,54
2,55
2
2,57
2,58
2
2,60
2,61
2
2,63
2,64
2
3,97,106,103
3,100,93,102,179
3,95,105,182
3,178,181,91,99
3,104,165,67,90,101,96,94,68,98,66,164,65,92
3,188,114,108,185
3,186,110,115
3,189,112
3,109,111,113,167,71,166,70,107,72
3,119,196,126
3,124,127,121,193
3,117,195,123,192
3,125,116,75,118,120,74,168,122,169,76
3,136,139,133,200
3,138,202,129,199
3,135,131,203
3,80,128,78,170,134,79,130,132,137,171
3,148,150,207,143
3,145,151,210
3,209,141,147,206
3,144,146,83,149,173,172,82,140,84,142
3,160,217,157
3,153,162,213,216
3,159,163,155,214
3,88,158,161,86,174,175,87,156,152,154
4,91
4
4,93
4
4,95
4
4,97
4
4,99
4,100
4
4,102
4,103
4
4,105
4,106
4
4,108
4
4,110
4
4,112
4
4,114
4,115
4
4,117
4
4,119
4
4,121
4
4,123
4,124
4
4,126
4,127
4
4,129
4
4,131
4
4,133
4
4,135
4,136
4
4,138
4,139
4
4,141
4
4,143
4
4,145
4
4,147
4,148
4
4,150
4,151
4
4,153
4
4,155
4
4,157
4
4,159
4,160
4
4,162
4,163
4
5,176
5,180
5,183
5,187
5,190
5,194
5,197
5,201
5,204
5,208
5,211
5,215
6,177
6,178
6,179
6
6,181
6,182
6
6,184
6,185
6,186
6
6,188
6,189
6
6,191
6,192
6,193
6
6,195
6,196
6
6,198
6,199
6,200
6
6,202
6,203
6
6,205
6,206
6,207
6
6,209
6,210
6
6,212
6,213
6,214
6
6,216
6,217
6
13,107,142,118
13,109,111
14,29,38,177,122,53,98,191,56,47,184,32,198,215,41,125,134,44,187,180,149,208,35,50,137,59,158,113,62
13,96
14,161,205,212,146,201,194
14,101,104
13,92,94,132,156,144,120
13,152,128,140,116
13,130,90,154