0
0
0
0
0
0
0
0,309,285
0,405
0,345,243
0,219,282,438,357
0,426,234
0,240
0,312,390
0
0,348
0,279
0,342
0,258
0,417,210
0,432
0,420,249,411
0,288,276
0,360,336
0,399,375,429
0,228
0,264
0,294,273
0
0
0,198,396
0
0,306
0
0
0
0
0
0
0
0
0
0
0
0
0
0
0
0
0
0
0
0
0
0
0
0
0
0
0
0
0,362
0,389
0,290
0,371
0,347
0,245
0,215
0,401
0,431
0,356
0,311
0,200
0,242
0,332
0,419
0,353
0,227
0,257
0,209
0,323
0,197
0,293
0,296
0,299
0,272
0,425
0,251
0,341
0,269
0,212
0,335
0,386
0,314
0,218
0,302
0,284
0,338
0,374
0,413
0,206
0,239
0,230
0,236
0,368
0,263
0,254
0,392
0,350
0,278
0,260
0,287
0,377
0,383
0,266
0,224
0,407
0,248
0,398
0,395
0,320
0,344
0,275
0,434
0,416
0,404
0,221
0,203
0,233
0,305
0,428
0,326
0,380
0,365
0,329
0,317
0,359
0,281
0,308
0,422
0,410
0,437
0,237,393
0,414
0,204
0,384,330
0,270,324,327
0,435
0,318,321
0,303
0,201,267
0
0,366,213
0
0,363
0,408,372,315
0,351,231
0,387,207,402
0,222,291
0
0,255
0,354,381,300,252,261
0,216,246,378
0,333,225
0
0
0
0,423,369
0,297,339
0
0
0
0
0
0
0
0
0
0
0
0
0
0
0
0
0
0
0
0
0
0
0
0
0
0
0
2,197
2,198
2
2,200
2,201
2
2,203
2,204
2
2,206
2,207
2
2,209
2,210
2
2,212
2,213
2
2,215
2,216
2
2,218
2,219
2
2,221
2,222
2
2,224
2,225
2
2,227
2,228
2
2,230
2,231
2
2,233
2,234
2
2,236
2,237
2
2,239
2,240
2
2,242
2,243
2
2,245
2,246
2
2,248
2,249
2
2,251
2,252
2
2,254
2,255
2
2,257
2,258
2
2,260
2,261
2
2,263
2,264
2
2,266
2,267
2
2,269
2,270
2
2,272
2,273
2
2,275
2,276
2
2,278
2,279
2
2,281
2,282
2
2,284
2,285
2
2,287
2,288
2
2,290
2,291
2
2,293
2,294
2
2,296
2,297
2
2,299
2,300
2
2,302
2,303
2
2,305
2,306
2
2,308
2,309
2
2,311
2,312
2
2,314
2,315
2
2,317
2,318
2
2,320
2,321
2
2,323
2,324
2
2,326
2,327
2
2,329
2,330
2
2,332
2,333
2
2,335
2,336
2
2,338
2,339
2
2,341
2,342
2
2,344
2,345
2
2,347
2,348
2
2,350
2,351
2
2,353
2,354
2
2,356
2,357
2
2,359
2,360
2
2,362
2,363
2
2,365
2,366
2
2,368
2,369
2
2,371
2,372
2
2,374
2,375
2
2,377
2,378
2
2,380
2,381
2
2,383
2,384
2
2,386
2,387
2
2,389
2,390
2
2,392
2,393
2
2,395
2,396
2
2,398
2,399
2
2,401
2,402
2
2,404
2,405
2
2,407
2,408
2
2,410
2,411
2
2,413
2,414
2
2,416
2,417
2
2,419
2,420
2
2,422
2,423
2
2,425
2,426
2
2,428
2,429
2
2,431
2,432
2
2,434
2,435
2
2,437
2,438
2
3,471,480,477
3,476,474,467,553
3,479,469,556
3,555,465,552,473
3,539,470,468,442,538,440,466,478,464,441,475,439,472
3,559,488,482,562
3,560,484,489
3,486,563
3,487,481,446,541,485,445,444,483,540
3,493,570,500
3,501,498,567,495
3,491,497,569,566
3,499,490,449,543,494,492,496,448,450,542
3,507,513,510,574
3,573,512,503,576
3,509,505,577
3,508,544,511,452,504,506,545,454,453,502
3,581,517,524,522
3,584,519,525
3,583,515,521,580
3,458,546,514,456,457,523,547,516,520,518
3,591,534,531
3,527,587,590,536
3,537,588,533,529
3,548,460,535,526,530,549,462,528,532,461
4,465
4
4,467
4
4,469
4
4,471
4
4,473
4,474
4
4,476
4,477
4
4,479
4,480
4
4,482
4
4,484
4
4,486
4
4,488
4,489
4
4,491
4
4,493
4
4,495
4
4,497
4,498
4
4,500
4,501
4
4,503
4
4,505
4
4,507
4
4,509
4,510
4
4,512
4,513
4
4,515
4
4,517
4
4,519
4
4,521
4,522
4
4,524
4,525
4
4,527
4
4,529
4
4,531
4
4,533
4,534
4
4,536
4,537
4
5,550
5,554
5,557
5,561
5,564
5,568
5,571
5,575
5,578
5,582
5,585
5,589
6,551
6,552
6,553
6
6,555
6,556
6
6,558
6,559
6,560
6
6,562
6,563
6
6,565
6,566
6,567
6
6,569
6,570
6
6,572
6,573
6,574
6
6,576
6,577
6
6,579
6,580
6,581
6
6,583
6,584
6
6,586
6,587
6,588
6
6,590
6,591
6
13,481,516,492
13,483,485
14,211,325,256,565,223,244,391,331,532,247,499,274,388,307,400,376,554,292,313,523,217,226,262,334,364,367,277,289,295,551,253,496,220,271,436,406,382,355,214,232,298,487,433,427,301,508,370,316,235,352,280,196,268,572,343,283,589,229,424,349,199,265,346,361,415,310,322,561,409,304,259,421,319,385,511,430,412,337,403,205,238,582,286,328,394,241,340,358,397,373,558,418,208,472,202,379,250
13,470
14,579,568,535,575,586,520
14,478,475
13,466,518,494,468,506,530
13,526,490,502,514
13,464,504,528