0
0
0
0
0
0
0
0,374,239
0,194,197
0,311
0,344,389,332
0,407
0,218,395,404
0,221
0,248
0,269,416,410,251
0,350,305
0,263
0,308
0,353,278
0,206
0,227,386
0,377
0,329,272
0,233
0,341
0,362,215
0,275
0,347
0,293
0,419
0,371
0,323,398
0
0
0
0
0
0
0
0
0
0
0
0
0
0
0
0
0
0
0
0
0
0
0
0
0
0
0,370
0,205
0,310
0,259
0,223
0,349
0,313
0,385
0,289
0,295
0,232
0,217
0,241
0,346
0,211
0,238
0,334
0,271
0,253
0,316
0,400
0,268
0,409
0,304
0,229
0,202
0,418
0,340
0,256
0,337
0,274
0,220
0,283
0,358
0,208
0,406
0,388
0,247
0,403
0,382
0,322
0,235
0,307
0,199
0,319
0,298
0,373
0,196
0,394
0,286
0,250
0,343
0,361
0,391
0,367
0,412
0,355
0,193
0,190
0,331
0,325
0,301
0,265
0,379
0,280
0,352
0,214
0,277
0,415
0,292
0,364
0,376
0,226
0,397
0,328
0,244
0
0,262
0,209,266
0
0
0,230,242,335
0,257
0
0,254,287
0,317
0,356,296,203
0,413,392
0,368
0,326,365
0,302,380
0,224,383
0
0
0,359,299,401
0,284
0,290,260,191
0,245
0,338
0,320,212
0,281,314
0
0,236
0,200
0
0
0
0
0
0
0
0
0
0
0
0
0
0
0
0
0
0
0
0
0
0
0
0
0
0
2,190
2,191
2
2,193
2,194
2
2,196
2,197
2
2,199
2,200
2
2,202
2,203
2
2,205
2,206
2
2,208
2,209
2
2,211
2,212
2
2,214
2,215
2
2,217
2,218
2
2,220
2,221
2
2,223
2,224
2
2,226
2,227
2
2,229
2,230
2
2,232
2,233
2
2,235
2,236
2
2,238
2,239
2
2,241
2,242
2
2,244
2,245
2
2,247
2,248
2
2,250
2,251
2
2,253
2,254
2
2,256
2,257
2
2,259
2,260
2
2,262
2,263
2
2,265
2,266
2
2,268
2,269
2
2,271
2,272
2
2,274
2,275
2
2,277
2,278
2
2,280
2,281
2
2,283
2,284
2
2,286
2,287
2
2,289
2,290
2
2,292
2,293
2
2,295
2,296
2
2,298
2,299
2
2,301
2,302
2
2,304
2,305
2
2,307
2,308
2
2,310
2,311
2
2,313
2,314
2
2,316
2,317
2
2,319
2,320
2
2,322
2,323
2
2,325
2,326
2
2,328
2,329
2
2,331
2,332
2
2,334
2,335
2
2,337
2,338
2
2,340
2,341
2
2,343
2,344
2
2,346
2,347
2
2,349
2,350
2
2,352
2,353
2
2,355
2,356
2
2,358
2,359
2
2,361
2,362
2
2,364
2,365
2
2,367
2,368
2
2,370
2,371
2
2,373
2,374
2
2,376
2,377
2
2,379
2,380
2
2,382
2,383
2
2,385
2,386
2
2,388
2,389
2
2,391
2,392
2
2,394
2,395
2
2,397
2,398
2
2,400
2,401
2
2,403
2,404
2
2,406
2,407
2
2,409
2,410
2
2,412
2,413
2
2,415
2,416
2
2,418
2,419
2
3,452,458,461
3,457,455,448,534
3,460,450,537
3,536,533,446,454
3,520,451,449,423,519,447,421,445,459,422,456,453,420
3,540,469,463,543
3,541,470,465
3,467,544
3,425,462,427,522,466,468,426,464,521
3,481,474,551
3,548,479,482,476
3,472,547,478,550
3,480,471,430,524,475,477,429,431,473,523
3,494,488,491,555
3,493,554,557,484
3,490,486,558
3,525,433,492,485,487,526,489,435,483,434
3,562,498,503,505
3,500,565,506
3,561,502,564,496
3,439,528,495,437,438,527,497,501,504,499
3,572,512,515
3,568,508,571,517
3,518,569,514,510
3,529,511,516,507,441,513,530,443,509,442
4,446
4
4,448
4
4,450
4
4,452
4
4,454
4,455
4
4,457
4,458
4
4,460
4,461
4
4,463
4
4,465
4
4,467
4
4,469
4,470
4
4,472
4
4,474
4
4,476
4
4,478
4,479
4
4,481
4,482
4
4,484
4
4,486
4
4,488
4
4,490
4,491
4
4,493
4,494
4
4,496
4
4,498
4
4,500
4
4,502
4,503
4
4,505
4,506
4
4,508
4
4,510
4
4,512
4
4,514
4,515
4
4,517
4,518
4
5,531
5,535
5,538
5,542
5,545
5,549
5,552
5,556
5,559
5,563
5,566
5,570
6,532
6,533
6,534
6
6,536
6,537
6
6,539
6,540
6,541
6
6,543
6,544
6
6,546
6,547
6,548
6
6,550
6,551
6
6,553
6,554
6,555
6
6,557
6,558
6
6,560
6,561
6,562
6
6,564
6,565
6
6,567
6,568
6,569
6
6,571
6,572
6
13,462,497,473
13,464,466
14,542,318,453,249,546,414,384,324,513,240,267,381,300,393,369,285,306,504,399,210,219,255,327,360,270,282,288,532,246,477,213,264,375,348,207,225,291,216,294,489,309,417,228,237,345,222,273,189,553,405,336,396,276,411,342,192,258,339,354,201,408,480,315,204,402,297,252,535,312,378,492,468,363,330,570,198,231,563,279,321,387,234,333,351,390,357,366,539,261,195,303,372,243
13,451
14,560,549,516,501,556,567
14,459,456
13,447,499,475,449,487,511
13,495,507,483,471
13,445,485,509