0
0
0,77,65,92
0,80
0,110,107
0,104
0,71
0,53,74
0,89
0
0
0
0
0
0
0
0,64
0,61
0,82
0,100
0,85
0,103
0,73
0,106
0,94
0,70
0,79
0,88
0
0,67
0,55
0,97
0,76
0,109
0,52
0,58
0,91
0,83,86,101
0,95,62
0
0,68
0
0,98,56,59
0
0
0
0
0
0
0
0
2,52
2,53
2
2,55
2,56
2
2,58
2,59
2
2,61
2,62
2
2,64
2,65
2
2,67
2,68
2
2,70
2,71
2
2,73
2,74
2
2,76
2,77
2
2,79
2,80
2
2,82
2,83
2
2,85
2,86
2
2,88
2,89
2
2,91
2,92
2
2,94
2,95
2
2,97
2,98
2
2,100
2,101
2
2,103
2,104
2
2,106
2,107
2
2,109
2,110
2
3,143,149,152
3,148,146,139,225
3,151,141,228
3,227,137,224,145
3,140,114,210,112,138,150,136,113,147,142,144,211,111
3,231,160,154,234
3,161,232,156
3,158,235
3,153,213,118,157,159,117,116,155,212
3,172,165,242
3,239,170,173,167
3,163,169,241,238
3,171,162,121,215,166,168,120,122,164,214
3,185,179,182,246
3,175,184,248,245
3,181,177,249
3,216,183,124,176,217,126,180,178,174,125
3,253,189,196,194
3,256,191,197
3,252,187,193,255
3,130,219,186,129,218,190,188,192,195,128
3,263,203,206
3,259,199,262,208
3,209,260,205,201
3,220,202,207,198,132,204,133,221,134,200
4,137
4
4,139
4
4,141
4
4,143
4
4,145
4,146
4
4,148
4,149
4
4,151
4,152
4
4,154
4
4,156
4
4,158
4
4,160
4,161
4
4,163
4
4,165
4
4,167
4
4,169
4,170
4
4,172
4,173
4
4,175
4
4,177
4
4,179
4
4,181
4,182
4
4,184
4,185
4
4,187
4
4,189
4
4,191
4
4,193
4,194
4
4,196
4,197
4
4,199
4
4,201
4
4,203
4
4,205
4,206
4
4,208
4,209
4
5,222
5,226
5,229
5,233
5,236
5,240
5,243
5,247
5,250
5,254
5,257
5,261
6,223
6,224
6,225
6
6,227
6,228
6
6,230
6,231
6,232
6
6,234
6,235
6
6,237
6,238
6,239
6
6,241
6,242
6
6,244
6,245
6,246
6
6,248
6,249
6
6,251
6,252
6,253
6
6,255
6,256
6
6,258
6,259
6,260
6
6,262
6,263
6
13,153,188,164
13,155,157
14,144,237,244,78,99,69,204,102,195,72,81,223,108,168,75,87,180,90,51,84,54,254,63,171,66,233,226,183,159,261,60,93,96,230,57,105
13,142
14,251,240,207,247,258,192
14,150,147
13,138,190,166,140,178,202
13,198,162,174,186
13,136,176,200