0
0
0
0
0
0
0
0
0,280,286
0,256,361
0,226
0,295
0,211,343,388
0,346
0,364
0,331,223
0,220,349,334
0,391
0,451,268,298
0,433,232
0
0,244
0,250,340,235
0
0,229
0,406
0,415
0,205,322,289,259
0,424
0,448,352,358
0,238,253
0,412
0,445
0,430
0
0
0
0
0
0
0
0
0
0
0
0
0
0
0
0
0
0
0
0
0
0
0
0
0
0
0
0
0
0,408
0,306
0,417
0,288
0,219
0,297
0,405
0,381
0,240
0,429
0,351
0,321
0,441
0,270
0,231
0,399
0,279
0,213
0,411
0,267
0,243
0,207
0,258
0,423
0,282
0,447
0,432
0,435
0,228
0,300
0,402
0,387
0,216
0,396
0,291
0,315
0,237
0,414
0,357
0,393
0,249
0,363
0,294
0,303
0,375
0,450
0
0,369
0,372
0,285
0,264
0,324
0,426
0,222
0,246
0,333
0,318
0,336
0,312
0,354
0,420
0,438
0,378
0,225
0,339
0,444
0,342
0,204
0,327
0,345
0,390
0,273
0,276
0,348
0,309
0,255
0,261
0,234
0,330
0,360
0,366
0,384
0,252
0,210
0,313
0,274
0,241
0,355,208
0,277,307
0,442
0
0
0,325
0,373,262,217
0,436,376,301
0,292,271,247
0,370,319,382
0
0,418
0
0,337,421
0,379
0,439,265,385
0
0
0,397,304
0,367,316,427,403,328
0,400,214
0,409,310
0
0,283
0,394
0
0
0
0
0
0
0
0
0
0
0
0
0
0
0
0
0
0
0
0
0
0
0
0
0
0
0
0
2,204
2,205
2
2,207
2,208
2
2,210
2,211
2
2,213
2,214
2
2,216
2,217
2
2,219
2,220
2
2,222
2,223
2
2,225
2,226
2
2,228
2,229
2
2,231
2,232
2
2,234
2,235
2
2,237
2,238
2
2,240
2,241
2
2,243
2,244
2
2,246
2,247
2
2,249
2,250
2
2,252
2,253
2
2,255
2,256
2
2,258
2,259
2
2,261
2,262
2
2,264
2,265
2
2,267
2,268
2
2,270
2,271
2
2,273
2,274
2
2,276
2,277
2
2,279
2,280
2
2,282
2,283
2
2,285
2,286
2
2,288
2,289
2
2,291
2,292
2
2,294
2,295
2
2,297
2,298
2
2,300
2,301
2
2,303
2,304
2
2,306
2,307
2
2,309
2,310
2
2,312
2,313
2
2,315
2,316
2
2,318
2,319
2
2,321
2,322
2
2,324
2,325
2
2,327
2,328
2
2,330
2,331
2
2,333
2,334
2
2,336
2,337
2
2,339
2,340
2
2,342
2,343
2
2,345
2,346
2
2,348
2,349
2
2,351
2,352
2
2,354
2,355
2
2,357
2,358
2
2,360
2,361
2
2,363
2,364
2
2,366
2,367
2
2,369
2,370
2
2,372
2,373
2
2,375
2,376
2
2,378
2,379
2
2,381
2,382
2
2,384
2,385
2
2,387
2,388
2
2,390
2,391
2
2,393
2,394
2
2,396
2,397
2
2,399
2,400
2
2,402
2,403
2
2,405
2,406
2
2,408
2,409
2
2,411
2,412
2
2,414
2,415
2
2,417
2,418
2
2,420
2,421
2
2,423
2,424
2
2,426
2,427
2
2,429
2,430
2
2,432
2,433
2
2,435
2,436
2
2,438
2,439
2
2,441
2,442
2
2,444
2,445
2
2,447
2,448
2
2,450
2,451
2
3,493,490,484
3,489,487,480,566
3,492,482,569
3,568,478,565,486
3,455,488,552,483,481,551,453,479,491,477,454,485,452
3,572,501,495,575
3,573,497,502
3,499,576
3,457,494,459,554,498,500,458,496,553
3,513,506,583
3,580,511,514,508
3,504,510,582,579
3,503,555,462,556,507,509,461,463,505,512
3,526,520,523,587
3,525,516,586,589
3,522,518,590
3,557,521,524,465,517,519,558,467,515,466
3,537,594,530,535
3,597,532,538
3,528,534,596,593
3,471,529,560,527,469,470,559,533,536,531
3,547,604,544
3,600,540,603,549
3,550,601,546,542
3,561,543,475,548,541,474,539,473,545,562
4,478
4
4,480
4
4,482
4
4,484
4
4,486
4,487
4
4,489
4,490
4
4,492
4,493
4
4,495
4
4,497
4
4,499
4
4,501
4,502
4
4,504
4
4,506
4
4,508
4
4,510
4,511
4
4,513
4,514
4
4,516
4
4,518
4
4,520
4
4,522
4,523
4
4,525
4,526
4
4,528
4
4,530
4
4,532
4
4,534
4,535
4
4,537
4,538
4
4,540
4
4,542
4
4,544
4
4,546
4,547
4
4,549
4,550
4
5,563
5,567
5,570
5,574
5,577
5,581
5,584
5,588
5,591
5,595
5,598
5,602
6,564
6,565
6,566
6
6,568
6,569
6
6,571
6,572
6,573
6
6,575
6,576
6
6,578
6,579
6,580
6
6,582
6,583
6
6,585
6,586
6,587
6
6,589
6,590
6
6,592
6,593
6,594
6
6,596
6,597
6
6,599
6,600
6,601
6
6,603
6,604
6
13,494,529,505
13,496,498
14,332,485,263,578,230,251,398,338,254,281,395,314,407,383,567,299,320,536,224,233,269,341,374,284,524,296,302,260,509,227,413,389,446,362,221,239,305,440,434,308,521,323,431,359,287,203,585,545,350,290,236,449,344,356,206,272,437,353,368,215,422,317,512,329,218,564,574,416,311,266,428,326,392,500,377,419,410,602,212,245,595,293,335,401,443,248,386,347,365,404,371,380,571,275,425,257,242,209,278
13,483
14,592,581,548,588,599,533
14,488,491
13,479,481,507,531,519,543
13,539,503,515,527
13,477,517,541