0
0
0
0
0,134,170,155
0,203,227
0,137,131
0,161,212
0,215,143,146,188
0,116,125
0,209
0,224,164
0,167,158,182
0,140,200,194
0,185
0,197,104
0,179
0,221
0
0
0
0
0
0
0
0
0
0
0
0
0
0
0,124
0,121
0,166
0,115
0,187
0,226
0,208
0,217
0,220
0,145
0,136
0,199
0,163
0,127
0,193
0,175
0,184
0,223
0,109
0,154
0,151
0,211
0,118
0,202
0,178
0,130
0,139
0,148
0,157
0,190
0,133
0,214
0,169
0,160
0,181
0,205
0,172
0,196
0,106
0,142
0,103
0,112
0,173,191
0,113
0,206
0,218
0,110
0,128
0,152
0,176
0
0,107
0,119
0,122
0,149
0
0
0
0
0
0
0
0
0
0
0
0
0
0
0
2,103
2,104
2
2,106
2,107
2
2,109
2,110
2
2,112
2,113
2
2,115
2,116
2
2,118
2,119
2
2,121
2,122
2
2,124
2,125
2
2,127
2,128
2
2,130
2,131
2
2,133
2,134
2
2,136
2,137
2
2,139
2,140
2
2,142
2,143
2
2,145
2,146
2
2,148
2,149
2
2,151
2,152
2
2,154
2,155
2
2,157
2,158
2
2,160
2,161
2
2,163
2,164
2
2,166
2,167
2
2,169
2,170
2
2,172
2,173
2
2,175
2,176
2
2,178
2,179
2
2,181
2,182
2
2,184
2,185
2
2,187
2,188
2
2,190
2,191
2
2,193
2,194
2
2,196
2,197
2
2,199
2,200
2
2,202
2,203
2
2,205
2,206
2
2,208
2,209
2
2,211
2,212
2
2,214
2,215
2
2,217
2,218
2
2,220
2,221
2
2,223
2,224
2
2,226
2,227
2
3,260,266,269
3,263,256,265,342
3,268,258,345
3,344,254,341,262
3,328,259,257,231,327,229,255,267,253,230,264,261,228
3,348,351,277,271
3,278,349,273
3,275,352
3,270,330,235,274,276,234,233,272,329
3,289,282,359
3,290,356,287,284
3,280,286,358,355
3,288,279,238,332,283,285,237,239,281,331
3,302,296,299,363
3,301,362,365,292
3,298,294,366
3,291,333,300,241,293,295,334,243,297,242
3,370,306,313,311
3,373,308,314
3,369,304,310,372
3,247,305,336,303,246,335,307,309,312,245
3,380,320,323
3,376,316,379,325
3,326,377,322,318
3,337,319,338,315,249,321,324,251,317,250
4,254
4
4,256
4
4,258
4
4,260
4
4,262
4,263
4
4,265
4,266
4
4,268
4,269
4
4,271
4
4,273
4
4,275
4
4,277
4,278
4
4,280
4
4,282
4
4,284
4
4,286
4,287
4
4,289
4,290
4
4,292
4
4,294
4
4,296
4
4,298
4,299
4
4,301
4,302
4
4,304
4
4,306
4
4,308
4
4,310
4,311
4
4,313
4,314
4
4,316
4
4,318
4
4,320
4
4,322
4,323
4
4,325
4,326
4
5,339
5,343
5,346
5,350
5,353
5,357
5,360
5,364
5,367
5,371
5,374
5,378
6,340
6,341
6,342
6
6,344
6,345
6
6,347
6,348
6,349
6
6,351
6,352
6
6,354
6,355
6,356
6
6,358
6,359
6
6,361
6,362
6,363
6
6,365
6,366
6
6,368
6,369
6,370
6
6,372
6,373
6
6,375
6,376
6,377
6
6,379
6,380
6
13,270,281,305
13,272,274
14,261,162,354,129,321,153,180,213,219,312,123,132,168,183,195,201,340,159,285,126,120,138,204,207,297,222,150,186,102,361,189,135,105,171,371,114,216,288,141,117,350,210,165,343,225,300,276,177,378,111,144,192,147,198,347,174,108,156
13,259
14,368,357,364,375,324,309
14,267,264
13,255,307,295,283,257,319
13,315,279,291,303
13,253,293,317