0
0
0,54,60
0,42
0,63,78,48,57
0,66,45,39
0
0
0
0
0
0
0,68
0,50
0,77
0,65
0,41
0,71
0,38
0,53
0,74
0,80
0,44
0,56
0,62
0,59
0,47
0,51,81
0
0,69,75
0,72
0
0
0
0
0
0
2,38
2,39
2
2,41
2,42
2
2,44
2,45
2
2,47
2,48
2
2,50
2,51
2
2,53
2,54
2
2,56
2,57
2
2,59
2,60
2
2,62
2,63
2
2,65
2,66
2
2,68
2,69
2
2,71
2,72
2
2,74
2,75
2
2,77
2,78
2
2,80
2,81
2
3,114,120,123
3,117,110,119,196
3,112,122,199
3,195,198,108,116
3,121,181,182,84,107,118,113,111,85,115,83,82,109
3,205,131,125,202
3,127,132,203
3,129,206
3,184,126,128,130,88,183,87,124,89
3,136,143,213
3,141,144,138,210
3,212,134,209,140
3,142,92,133,185,139,186,91,137,93,135
3,156,153,150,217
3,155,219,146,216
3,152,220,148
3,97,96,145,95,187,151,149,147,154,188
3,165,167,224,160
3,162,227,168
3,226,223,158,164
3,161,163,157,100,166,190,189,101,159,99
3,177,234,174
3,179,170,230,233
3,180,172,176,231
3,175,178,191,192,104,105,173,103,169,171
4,108
4
4,110
4
4,112
4
4,114
4
4,116
4,117
4
4,119
4,120
4
4,122
4,123
4
4,125
4
4,127
4
4,129
4
4,131
4,132
4
4,134
4
4,136
4
4,138
4
4,140
4,141
4
4,143
4,144
4
4,146
4
4,148
4
4,150
4
4,152
4,153
4
4,155
4,156
4
4,158
4
4,160
4
4,162
4
4,164
4,165
4
4,167
4,168
4
4,170
4
4,172
4
4,174
4
4,176
4,177
4
4,179
4,180
4
5,193
5,197
5,200
5,204
5,207
5,211
5,214
5,218
5,221
5,225
5,228
5,232
6,194
6,195
6,196
6
6,198
6,199
6
6,201
6,202
6,203
6
6,205
6,206
6
6,208
6,209
6,210
6
6,212
6,213
6
6,215
6,216
6,217
6
6,219
6,220
6
6,222
6,223
6,224
6
6,226
6,227
6
6,229
6,230
6,231
6
6,233
6,234
6
13,124,159,135
13,126,128
14,208,37,46,79,139,215,61,115,64,55,70,73,130,201,40,225,232,142,151,52,194,49,197,76,166,43,58,154,67,175,204
13,113
14,178,222,163,218,211,229
14,121,118
13,109,161,111,149,173,137
13,169,145,157,133
13,147,107,171