0
0
0
0
0
0
0
0,238
0
0,250,313
0,412
0,217
0
0,376,418
0
0,424,262,247
0,292,316,205
0
0,355,256
0,208,439
0,226,301
0
0
0,241,406,223,352
0,268
0
0,400,364,286
0,265
0,349,436
0
0
0,367,319
0,232,403
0
0,310
0
0
0
0
0
0
0
0
0
0
0
0
0
0
0
0
0
0
0
0
0
0
0
0
0
0
0
0
0,348
0,432
0,318
0,291
0,336
0,378
0,297
0,402
0,261
0,222
0,354
0,414
0,435
0,300
0,366
0,363
0,351
0,387
0,390
0,243
0,225
0,396
0,279
0,444
0,258
0,252
0,267
0,219
0,282
0,381
0,309
0,285
0,306
0,294
0,204
0,438
0,345
0,393
0,426
0
0,246
0,228
0,411
0,339
0,327
0,270
0,372
0,315
0,234
0,231
0,213
0,210
0,255
0
0,405
0,441
0,447
0,303
0,240
0,429
0,423
0,273
0,288
0,333
0,375
0,237
0,399
0,264
0,276
0,324
0,360
0,216
0,321
0,342
0,369
0,420
0,408
0,357
0,207
0,417
0,249
0,384
0,312
0,330
0,388,337
0,274
0,253,229
0,289
0
0,259,277
0,430,421,373
0,394
0,415,340,298
0,214,334,211
0,244
0,409,427
0,322,295,445,283
0,433,328
0,397,448
0
0,370
0,304,271
0
0,331
0,325,361
0
0,343,382,235,391,280
0,307,346,385
0,358
0,379,220,442
0
0
0
0
0
0
0
0
0
0
0
0
0
0
0
0
0
0
0
0
0
0
0
0
0
0
0
0
0
0
2,204
2,205
2
2,207
2,208
2
2,210
2,211
2
2,213
2,214
2
2,216
2,217
2
2,219
2,220
2
2,222
2,223
2
2,225
2,226
2
2,228
2,229
2
2,231
2,232
2
2,234
2,235
2
2,237
2,238
2
2,240
2,241
2
2,243
2,244
2
2,246
2,247
2
2,249
2,250
2
2,252
2,253
2
2,255
2,256
2
2,258
2,259
2
2,261
2,262
2
2,264
2,265
2
2,267
2,268
2
2,270
2,271
2
2,273
2,274
2
2,276
2,277
2
2,279
2,280
2
2,282
2,283
2
2,285
2,286
2
2,288
2,289
2
2,291
2,292
2
2,294
2,295
2
2,297
2,298
2
2,300
2,301
2
2,303
2,304
2
2,306
2,307
2
2,309
2,310
2
2,312
2,313
2
2,315
2,316
2
2,318
2,319
2
2,321
2,322
2
2,324
2,325
2
2,327
2,328
2
2,330
2,331
2
2,333
2,334
2
2,336
2,337
2
2,339
2,340
2
2,342
2,343
2
2,345
2,346
2
2,348
2,349
2
2,351
2,352
2
2,354
2,355
2
2,357
2,358
2
2,360
2,361
2
2,363
2,364
2
2,366
2,367
2
2,369
2,370
2
2,372
2,373
2
2,375
2,376
2
2,378
2,379
2
2,381
2,382
2
2,384
2,385
2
2,387
2,388
2
2,390
2,391
2
2,393
2,394
2
2,396
2,397
2
2,399
2,400
2
2,402
2,403
2
2,405
2,406
2
2,408
2,409
2
2,411
2,412
2
2,414
2,415
2
2,417
2,418
2
2,420
2,421
2
2,423
2,424
2
2,426
2,427
2
2,429
2,430
2
2,432
2,433
2
2,435
2,436
2
2,438
2,439
2
2,441
2,442
2
2,444
2,445
2
2,447
2,448
2
3,490,481,487
3,486,484,477,563
3,479,489,566
3,565,475,562,483
3,480,478,452,548,549,450,476,474,488,482,451,485,449
3,569,498,492,572
3,570,494,499
3,496,573
3,491,456,495,551,497,454,455,493,550
3,503,580,510
3,577,508,511,505
3,501,507,579,576
3,509,500,459,553,504,506,458,552,502,460
3,523,517,520,584
3,583,522,586,513
3,519,515,587
3,518,554,521,464,462,514,516,555,512,463
3,591,527,532,534
3,594,529,535
3,525,531,593,590
3,468,524,466,467,556,557,530,533,528,526
3,601,541,544
3,597,537,600,546
3,547,598,543,539
3,558,540,545,538,536,470,542,559,472,471
4,475
4
4,477
4
4,479
4
4,481
4
4,483
4,484
4
4,486
4,487
4
4,489
4,490
4
4,492
4
4,494
4
4,496
4
4,498
4,499
4
4,501
4
4,503
4
4,505
4
4,507
4,508
4
4,510
4,511
4
4,513
4
4,515
4
4,517
4
4,519
4,520
4
4,522
4,523
4
4,525
4
4,527
4
4,529
4
4,531
4,532
4
4,534
4,535
4
4,537
4
4,539
4
4,541
4
4,543
4,544
4
4,546
4,547
4
5,560
5,564
5,567
5,571
5,574
5,578
5,581
5,585
5,588
5,592
5,595
5,599
6,561
6,562
6,563
6
6,565
6,566
6
6,568
6,569
6,570
6
6,572
6,573
6
6,575
6,576
6,577
6
6,579
6,580
6
6,582
6,583
6,584
6
6,586
6,587
6
6,589
6,590
6,591
6
6,593
6,594
6
6,596
6,597
6,598
6
6,600
6,601
6
13,491,526,502
13,493,495
14,422,332,482,263,575,230,251,398,338,542,281,395,314,407,347,383,299,320,533,224,233,269,326,341,371,374,284,296,302,561,260,506,227,278,413,389,446,362,221,239,305,497,440,434,308,518,323,242,359,287,203,582,350,254,290,236,431,356,206,272,437,353,368,317,509,329,218,571,416,311,266,428,564,392,521,377,419,344,410,599,212,245,592,293,335,401,443,248,386,365,404,380,568,425,257,215,209,275
13,480
14,589,545,585,578,596,530
14,488,485
13,528,476,504,478,516,540
13,536,500,512,524
13,474,514,538