0
0
0
0
0
0
0
0
0,379
0
0,223,367
0
0,448,244,463
0,460,457,286,391
0,262
0,454
0
0
0,436
0
0,304,337
0,307
0,421
0,370,298,310
0,340
0,472,433,274
0
0,268
0,220
0,445,313
0,388
0,301
0,415,373
0,277
0,325
0,412,295,226
0,466
0,331
0
0
0
0
0
0
0
0
0
0
0
0
0
0
0
0
0
0
0
0
0
0
0
0
0
0
0
0
0
0
0,474
0,282
0,366
0,288
0,441
0,402
0,309
0,327
0,321
0,381
0,393
0,315
0,285
0,246
0,261
0,444
0,471
0,267
0,300
0,351
0,345
0,294
0,462
0,483
0,414
0,234
0,237
0,456
0,231
0,453
0,468
0,297
0,228
0,330
0
0,420
0,363
0,258
0,225
0,387
0,477
0,372
0,273
0,447
0,390
0,417
0,249
0,480
0,357
0,318
0,306
0,255
0,252
0,375
0,348
0,450
0,429
0,426
0,336
0,369
0,324
0,276
0,459
0,399
0,396
0,408
0,423
0,435
0,360
0,279
0,354
0,411
0,339
0,405
0,378
0,270
0,222
0,243
0,264
0,303
0,291
0,240
0,312
0,219
0,438
0,333
0,432
0,384
0,465
0,342
0,481,358,427,430
0,355,253,232
0,385,475,409
0
0,328
0,484
0,376,418
0
0,382,469
0,280
0,256,403,316
0,238,334
0,364
0,235,250,343
0
0,289
0
0,478,265
0,322
0,271,283
0,247,394
0
0,352,229,424,400
0,346,349
0,292
0,319,241
0,361,397
0,442
0,406,259,451
0,439
0
0
0
0
0
0
0
0
0
0
0
0
0
0
0
0
0
0
0
0
0
0
0
0
0
0
0
0
0
0
2,219
2,220
2
2,222
2,223
2
2,225
2,226
2
2,228
2,229
2
2,231
2,232
2
2,234
2,235
2
2,237
2,238
2
2,240
2,241
2
2,243
2,244
2
2,246
2,247
2
2,249
2,250
2
2,252
2,253
2
2,255
2,256
2
2,258
2,259
2
2,261
2,262
2
2,264
2,265
2
2,267
2,268
2
2,270
2,271
2
2,273
2,274
2
2,276
2,277
2
2,279
2,280
2
2,282
2,283
2
2,285
2,286
2
2,288
2,289
2
2,291
2,292
2
2,294
2,295
2
2,297
2,298
2
2,300
2,301
2
2,303
2,304
2
2,306
2,307
2
2,309
2,310
2
2,312
2,313
2
2,315
2,316
2
2,318
2,319
2
2,321
2,322
2
2,324
2,325
2
2,327
2,328
2
2,330
2,331
2
2,333
2,334
2
2,336
2,337
2
2,339
2,340
2
2,342
2,343
2
2,345
2,346
2
2,348
2,349
2
2,351
2,352
2
2,354
2,355
2
2,357
2,358
2
2,360
2,361
2
2,363
2,364
2
2,366
2,367
2
2,369
2,370
2
2,372
2,373
2
2,375
2,376
2
2,378
2,379
2
2,381
2,382
2
2,384
2,385
2
2,387
2,388
2
2,390
2,391
2
2,393
2,394
2
2,396
2,397
2
2,399
2,400
2
2,402
2,403
2
2,405
2,406
2
2,408
2,409
2
2,411
2,412
2
2,414
2,415
2
2,417
2,418
2
2,420
2,421
2
2,423
2,424
2
2,426
2,427
2
2,429
2,430
2
2,432
2,433
2
2,435
2,436
2
2,438
2,439
2
2,441
2,442
2
2,444
2,445
2
2,447
2,448
2
2,450
2,451
2
2,453
2,454
2
2,456
2,457
2
2,459
2,460
2
2,462
2,463
2
2,465
2,466
2
2,468
2,469
2
2,471
2,472
2
2,474
2,475
2
2,477
2,478
2
2,480
2,481
2
2,483
2,484
2
3,517,526,523
3,522,520,513,599
3,525,515,602
3,601,511,598,519
3,585,516,488,584,486,512,524,514,510,487,521,518,485
3,605,534,528,608
3,606,530,535
3,532,609
3,527,492,531,533,491,490,587,529,586
3,539,616,546
3,613,544,547,541
3,537,543,615,612
3,545,536,588,589,540,542,494,496,495,538
3,559,553,556,620
3,558,619,622,549
3,555,551,623
3,590,557,498,550,552,591,554,500,499,548
3,627,563,570,568
3,630,565,571
3,629,561,567,626
3,504,562,593,560,502,503,592,569,566,564
3,637,577,580
3,633,573,636,582
3,583,634,579,575
3,576,581,594,572,578,506,595,508,574,507
4,511
4
4,513
4
4,515
4
4,517
4
4,519
4,520
4
4,522
4,523
4
4,525
4,526
4
4,528
4
4,530
4
4,532
4
4,534
4,535
4
4,537
4
4,539
4
4,541
4
4,543
4,544
4
4,546
4,547
4
4,549
4
4,551
4
4,553
4
4,555
4,556
4
4,558
4,559
4
4,561
4
4,563
4
4,565
4
4,567
4,568
4
4,570
4,571
4
4,573
4
4,575
4
4,577
4
4,579
4,580
4
4,582
4,583
4
5,596
5,600
5,603
5,607
5,610
5,614
5,617
5,621
5,624
5,628
5,631
5,635
6,597
6,598
6,599
6
6,601
6,602
6
6,604
6,605
6,606
6
6,608
6,609
6
6,611
6,612
6,613
6
6,615
6,616
6
6,618
6,619
6,620
6
6,622
6,623
6
6,625
6,626
6,627
6
6,629
6,630
6
6,632
6,633
6,634
6
6,636
6,637
6
13,527,562,538
13,529,531
14,607,347,518,278,611,245,362,266,413,479,353,482,578,269,296,410,329,422,398,314,335,569,239,284,356,389,299,557,467,311,317,248,597,275,542,242,293,458,428,476,461,377,236,254,320,455,449,323,554,338,446,257,374,302,470,218,618,365,305,251,464,371,221,287,452,368,383,473,230,437,332,545,344,233,431,326,281,443,600,341,407,533,392,434,359,425,635,227,260,628,308,350,416,404,263,380,419,386,395,604,290,440,224,401,272
13,516
14,625,621,614,581,566,632
14,524,521
13,512,540,564,514,552,576
13,572,536,548,560
13,510,550,574