0
0
0
0
0
0
0
0
0,447,411
0
0,240,219
0,369,315,423,468
0
0,288,402
0
0
0,435,384
0,270,285,300
0,312,438,276
0,342
0,408,444,405
0,264
0,291
0,246,231
0
0
0
0
0,249
0,318
0,450
0,417,222
0,327,243,261,459
0,357
0,225
0,267,234
0
0
0
0
0
0
0
0
0
0
0
0
0
0
0
0
0
0
0
0
0
0
0
0
0
0
0
0
0
0
0,386
0,287
0,317
0,341
0,464
0,281
0,239
0,293
0,368
0,419
0,266
0,431
0,230
0,278
0,446
0,350
0,224
0,257
0,245
0,296
0,455
0,377
0,260
0,410
0,227
0,320
0,284
0,269
0,404
0,233
0,461
0,467
0,425
0,383
0,332
0,434
0,458
0,449
0,329
0,308
0,254
0,452
0,422
0,290
0,395
0,365
0,359
0,338
0,362
0,251
0,218
0,323
0,407
0,242
0,380
0,374
0,356
0,440
0,311
0,248
0,398
0,416
0,272
0,371
0,401
0,221
0,335
0,392
0,215
0
0,326
0,413
0,344
0,302
0,389
0,212
0,275
0,263
0,443
0,428
0,437
0,305
0,236
0,347
0,353
0,299
0,314
0,333
0
0,282
0,252,420
0,393,279,462
0
0
0,414,306,399
0,303
0,363
0,294
0,453
0,237,354,273
0,348,378,336
0,324
0,330,375,255,396
0
0,321
0,387
0,381
0,258
0,426,213,390,339,456,441
0,360,366,351,372
0,297,432
0,309,429
0
0,216
0,228,465
0,345
0
0
0
0
0
0
0
0
0
0
0
0
0
0
0
0
0
0
0
0
0
0
0
0
0
0
0
0
0
2,212
2,213
2
2,215
2,216
2
2,218
2,219
2
2,221
2,222
2
2,224
2,225
2
2,227
2,228
2
2,230
2,231
2
2,233
2,234
2
2,236
2,237
2
2,239
2,240
2
2,242
2,243
2
2,245
2,246
2
2,248
2,249
2
2,251
2,252
2
2,254
2,255
2
2,257
2,258
2
2,260
2,261
2
2,263
2,264
2
2,266
2,267
2
2,269
2,270
2
2,272
2,273
2
2,275
2,276
2
2,278
2,279
2
2,281
2,282
2
2,284
2,285
2
2,287
2,288
2
2,290
2,291
2
2,293
2,294
2
2,296
2,297
2
2,299
2,300
2
2,302
2,303
2
2,305
2,306
2
2,308
2,309
2
2,311
2,312
2
2,314
2,315
2
2,317
2,318
2
2,320
2,321
2
2,323
2,324
2
2,326
2,327
2
2,329
2,330
2
2,332
2,333
2
2,335
2,336
2
2,338
2,339
2
2,341
2,342
2
2,344
2,345
2
2,347
2,348
2
2,350
2,351
2
2,353
2,354
2
2,356
2,357
2
2,359
2,360
2
2,362
2,363
2
2,365
2,366
2
2,368
2,369
2
2,371
2,372
2
2,374
2,375
2
2,377
2,378
2
2,380
2,381
2
2,383
2,384
2
2,386
2,387
2
2,389
2,390
2
2,392
2,393
2
2,395
2,396
2
2,398
2,399
2
2,401
2,402
2
2,404
2,405
2
2,407
2,408
2
2,410
2,411
2
2,413
2,414
2
2,416
2,417
2
2,419
2,420
2
2,422
2,423
2
2,425
2,426
2
2,428
2,429
2
2,431
2,432
2
2,434
2,435
2
2,437
2,438
2
2,440
2,441
2
2,443
2,444
2
2,446
2,447
2
2,449
2,450
2
2,452
2,453
2
2,455
2,456
2
2,458
2,459
2
2,461
2,462
2
2,464
2,465
2
2,467
2,468
2
3,507,510,501
3,506,583,504,497
3,499,509,586
3,585,495,582,503
3,569,500,498,472,568,469,470,496,508,494,505,502,471
3,589,518,512,592
3,590,514,519
3,516,593
3,511,571,476,515,517,475,474,513,570
3,523,600,530
3,528,597,531,525
3,521,527,599,596
3,529,479,520,524,526,478,480,573,572,522
3,543,537,540,604
3,542,603,606,533
3,539,535,607
3,538,532,574,541,482,534,536,575,484,483
3,611,547,554,552
3,549,614,555
3,545,551,613,610
3,488,546,544,487,576,548,550,553,577,486
3,621,561,564
3,617,557,620,566
3,567,618,563,559
3,578,565,556,490,562,579,560,492,558,491
4,495
4
4,497
4
4,499
4
4,501
4
4,503
4,504
4
4,506
4,507
4
4,509
4,510
4
4,512
4
4,514
4
4,516
4
4,518
4,519
4
4,521
4
4,523
4
4,525
4
4,527
4,528
4
4,530
4,531
4
4,533
4
4,535
4
4,537
4
4,539
4,540
4
4,542
4,543
4
4,545
4
4,547
4
4,549
4
4,551
4,552
4
4,554
4,555
4
4,557
4
4,559
4
4,561
4
4,563
4,564
4
4,566
4,567
4
5,580
5,584
5,587
5,591
5,594
5,598
5,601
5,605
5,608
5,612
5,615
5,619
6,581
6,582
6,583
6
6,585
6,586
6
6,588
6,589
6,590
6
6,592
6,593
6
6,595
6,596
6,597
6
6,599
6,600
6
6,602
6,603
6,604
6
6,606
6,607
6
6,609
6,610
6,611
6
6,613
6,614
6
6,616
6,617
6,618
6
6,620
6,621
6
13,511,546,522
13,513,515
14,340,502,271,595,238,355,259,406,346,562,262,289,403,322,391,307,328,553,232,241,277,349,382,292,304,310,581,268,235,286,451,421,397,454,370,229,247,313,448,442,316,538,331,439,250,367,460,295,463,211,602,358,298,244,457,364,214,445,361,376,220,466,223,430,325,529,337,226,591,424,319,274,436,584,280,526,612,334,400,541,517,385,415,427,352,418,619,253,301,343,409,256,373,412,379,388,588,283,433,217,394,265
13,500
14,609,598,605,616,565,550
14,508,505
13,496,548,524,498,536,560
13,556,520,532,544
13,494,534,558