0
0
0
0
0
0
0,307
0,265,334,181,295
0,223,217,283
0,274,202
0
0,241,172
0,331,208,370
0,187,214,268,325,211
0,199,190,352
0,364,277,235
0,262,229
0,256,196,361
0,355,310
0
0,175,232
0,259,169
0,304,367
0
0
0,319,328
0,205
0,238,316
0,193,271,358,250
0
0
0
0
0
0
0
0
0
0
0
0
0
0
0
0
0
0
0
0
0
0
0
0,279
0,261
0,315
0,195
0,312
0,192
0,234
0,318
0,171
0,222
0,282
0,186
0,243
0,303
0,264
0,273
0,258
0,213
0,285
0,252
0,255
0,306
0,294
0,369
0,201
0,207
0,288
0,330
0,231
0,174
0,360
0,210
0,198
0,228
0
0,336
0,204
0,180
0,357
0,366
0,321
0,246
0,168
0,300
0,267
0,240
0,297
0,276
0,237
0,327
0,339
0,219
0,333
0,345
0,177
0,225
0,216
0,354
0,351
0,348
0,342
0,189
0,270
0,309
0,183
0,291
0,363
0,249
0,324
0,337,289,220,301,349
0,247,298
0
0
0
0,292
0
0,286
0,346
0,184
0
0
0,226
0,313,178
0,244
0,340
0,343
0,280
0
0,253
0
0
0,322
0
0
0
0
0
0
0
0
0
0
0
0
0
0
0
0
0
0
0
0
0
0
0
2,168
2,169
2
2,171
2,172
2
2,174
2,175
2
2,177
2,178
2
2,180
2,181
2
2,183
2,184
2
2,186
2,187
2
2,189
2,190
2
2,192
2,193
2
2,195
2,196
2
2,198
2,199
2
2,201
2,202
2
2,204
2,205
2
2,207
2,208
2
2,210
2,211
2
2,213
2,214
2
2,216
2,217
2
2,219
2,220
2
2,222
2,223
2
2,225
2,226
2
2,228
2,229
2
2,231
2,232
2
2,234
2,235
2
2,237
2,238
2
2,240
2,241
2
2,243
2,244
2
2,246
2,247
2
2,249
2,250
2
2,252
2,253
2
2,255
2,256
2
2,258
2,259
2
2,261
2,262
2
2,264
2,265
2
2,267
2,268
2
2,270
2,271
2
2,273
2,274
2
2,276
2,277
2
2,279
2,280
2
2,282
2,283
2
2,285
2,286
2
2,288
2,289
2
2,291
2,292
2
2,294
2,295
2
2,297
2,298
2
2,300
2,301
2
2,303
2,304
2
2,306
2,307
2
2,309
2,310
2
2,312
2,313
2
2,315
2,316
2
2,318
2,319
2
2,321
2,322
2
2,324
2,325
2
2,327
2,328
2
2,330
2,331
2
2,333
2,334
2
2,336
2,337
2
2,339
2,340
2
2,342
2,343
2
2,345
2,346
2
2,348
2,349
2
2,351
2,352
2
2,354
2,355
2
2,357
2,358
2
2,360
2,361
2
2,363
2,364
2
2,366
2,367
2
2,369
2,370
2
3,403,409,412
3,408,406,399,485
3,411,401,488
3,487,397,484,405
3,407,471,402,400,374,470,372,396,410,373,404,398,371
3,491,420,494,414
3,416,421,492
3,418,495
3,413,378,473,417,419,377,376,415,472
3,432,425,502
3,433,430,499,427
3,423,429,501,498
3,431,422,381,475,426,428,380,382,424,474
3,445,439,442,506
3,435,444,505,508
3,441,509,437
3,476,443,384,436,438,477,386,440,434,385
3,513,449,456,454
3,516,451,457
3,512,447,515,453
3,390,448,479,446,389,478,452,455,450,388
3,523,463,466
3,519,459,522,468
3,469,520,465,461
3,480,462,467,460,458,392,464,481,394,393
4,397
4
4,399
4
4,401
4
4,403
4
4,405
4,406
4
4,408
4,409
4
4,411
4,412
4
4,414
4
4,416
4
4,418
4
4,420
4,421
4
4,423
4
4,425
4
4,427
4
4,429
4,430
4
4,432
4,433
4
4,435
4
4,437
4
4,439
4
4,441
4,442
4
4,444
4,445
4
4,447
4
4,449
4
4,451
4
4,453
4,454
4
4,456
4,457
4
4,459
4
4,461
4
4,463
4
4,465
4,466
4
4,468
4,469
4
5,482
5,486
5,489
5,493
5,496
5,500
5,503
5,507
5,510
5,514
5,517
5,521
6,483
6,484
6,485
6
6,487
6,488
6
6,490
6,491
6,492
6
6,494
6,495
6
6,497
6,498
6,499
6
6,501
6,502
6
6,504
6,505
6,506
6
6,508
6,509
6
6,511
6,512
6,513
6
6,515
6,516
6
6,518
6,519
6,520
6
6,522
6,523
6
13,413,448,424
13,415,417
14,296,404,497,269,194,215,362,464,218,245,359,278,347,486,263,284,455,188,197,233,305,227,338,248,443,260,266,483,224,428,191,242,353,326,185,203,272,440,287,206,302,323,251,167,314,254,200,320,170,236,317,332,493,179,281,431,293,182,275,230,290,356,419,341,514,308,299,504,521,176,209,257,365,212,311,329,368,335,344,490,239,173,350,221
13,402
14,511,500,467,507,518,452
14,410,407
13,398,450,438,426,400,462
13,434,422,458,446
13,396,436,460