0
0
0
0
0
0
0
0,214
0,187
0
0,400,388
0,211,196
0
0,310,379
0
0,232
0
0,397
0,304,289
0,382,322
0,328
0,346
0
0,217,313,262
0,268
0,319,253
0,220,361,277
0
0,286,229
0,193,247
0,367,199,391,208,256
0,307,235
0
0
0
0
0
0
0
0
0
0
0
0
0
0
0
0
0
0
0
0
0
0
0
0
0
0,354
0,360
0,204
0,372
0,225
0,357
0,270
0,186
0,315
0,189
0,378
0,300
0,333
0,231
0,384
0,219
0,303
0,246
0,390
0,366
0,216
0,330
0,273
0,345
0,348
0,195
0,324
0,276
0,312
0,369
0,258
0,249
0,381
0,321
0,306
0,297
0,327
0,336
0,294
0,234
0,399
0,201
0,213
0,288
0,387
0,393
0,264
0,363
0,375
0,267
0,261
0,339
0,318
0,396
0
0,309
0,279
0,243
0,183
0,342
0,237
0,291
0,240
0,255
0,207
0
0,210
0,198
0,222
0,351
0,282
0,252
0,228
0,285
0,192
0,244,226,241,265
0,334,373
0,376
0,283,352
0,394
0,301
0,205
0
0
0,298
0,274,223,271
0,295,358
0,355,325,259
0
0,190
0,292,340,331
0
0,343,337
0,364
0,316
0,385
0,370
0,202
0
0,184,250,280,238,349
0
0
0
0
0
0
0
0
0
0
0
0
0
0
0
0
0
0
0
0
0
0
0
0
0
2,183
2,184
2
2,186
2,187
2
2,189
2,190
2
2,192
2,193
2
2,195
2,196
2
2,198
2,199
2
2,201
2,202
2
2,204
2,205
2
2,207
2,208
2
2,210
2,211
2
2,213
2,214
2
2,216
2,217
2
2,219
2,220
2
2,222
2,223
2
2,225
2,226
2
2,228
2,229
2
2,231
2,232
2
2,234
2,235
2
2,237
2,238
2
2,240
2,241
2
2,243
2,244
2
2,246
2,247
2
2,249
2,250
2
2,252
2,253
2
2,255
2,256
2
2,258
2,259
2
2,261
2,262
2
2,264
2,265
2
2,267
2,268
2
2,270
2,271
2
2,273
2,274
2
2,276
2,277
2
2,279
2,280
2
2,282
2,283
2
2,285
2,286
2
2,288
2,289
2
2,291
2,292
2
2,294
2,295
2
2,297
2,298
2
2,300
2,301
2
2,303
2,304
2
2,306
2,307
2
2,309
2,310
2
2,312
2,313
2
2,315
2,316
2
2,318
2,319
2
2,321
2,322
2
2,324
2,325
2
2,327
2,328
2
2,330
2,331
2
2,333
2,334
2
2,336
2,337
2
2,339
2,340
2
2,342
2,343
2
2,345
2,346
2
2,348
2,349
2
2,351
2,352
2
2,354
2,355
2
2,357
2,358
2
2,360
2,361
2
2,363
2,364
2
2,366
2,367
2
2,369
2,370
2
2,372
2,373
2
2,375
2,376
2
2,378
2,379
2
2,381
2,382
2
2,384
2,385
2
2,387
2,388
2
2,390
2,391
2
2,393
2,394
2
2,396
2,397
2
2,399
2,400
2
3,433,439,442
3,436,429,438,515
3,441,431,518
3,517,427,514,435
3,501,432,430,404,500,402,440,426,403,437,434,428,401
3,521,450,444,524
3,522,451,446
3,525,448
3,443,408,503,447,449,407,406,445,502
3,455,532,462
3,460,529,463,457
3,453,459,531,528
3,461,452,411,505,456,458,410,412,454,504
3,475,469,472,536
3,465,474,535,538
3,471,467,539
3,464,506,473,414,466,468,507,416,415,470
3,486,543,479,484
3,546,487,481
3,477,483,545,542
3,420,509,476,419,508,480,418,482,485,478
3,553,493,496
3,489,549,552,498
3,499,550,495,491
3,510,492,422,497,423,488,494,511,424,490
4,427
4
4,429
4
4,431
4
4,433
4
4,435
4,436
4
4,438
4,439
4
4,441
4,442
4
4,444
4
4,446
4
4,448
4
4,450
4,451
4
4,453
4
4,455
4
4,457
4
4,459
4,460
4
4,462
4,463
4
4,465
4
4,467
4
4,469
4
4,471
4,472
4
4,474
4,475
4
4,477
4
4,479
4
4,481
4
4,483
4,484
4
4,486
4,487
4
4,489
4
4,491
4
4,493
4
4,495
4,496
4
4,498
4,499
4
5,512
5,516
5,519
5,523
5,526
5,530
5,533
5,537
5,540
5,544
5,547
5,551
6,513
6,514
6,515
6
6,517
6,518
6
6,520
6,521
6,522
6
6,524
6,525
6
6,527
6,528
6,529
6
6,531
6,532
6
6,534
6,535
6,536
6
6,538
6,539
6
6,541
6,542
6,543
6
6,545
6,546
6
6,548
6,549
6,550
6
6,552
6,553
6
13,443,478,454
13,445,447
14,311,434,242,527,209,230,377,317,494,233,260,374,293,386,278,299,485,203,212,320,353,263,275,281,513,239,458,248,206,257,392,341,200,218,284,287,470,302,221,338,266,182,534,398,329,323,269,215,335,185,251,347,194,296,461,308,197,523,395,290,245,516,362,305,371,473,449,356,544,389,551,191,224,332,272,314,380,227,368,326,344,383,350,359,520,254,188,365,236
13,432
14,541,530,497,537,548,482
14,440,437
13,428,480,456,430,468,492
13,488,464,476,452
13,426,466,490