0
0
0,57
0
0,63,51
0,66
0,42,39,72
0
0
0
0
0
0,65
0,50
0,56
0,77
0,68
0,44
0,47
0,53
0,74
0,62
0,59
0,71
0,38
0
0,41
0
0,45
0,75
0,60,69,54
0,78,48
0
0
0
0
0
2,38
2,39
2
2,41
2,42
2
2,44
2,45
2
2,47
2,48
2
2,50
2,51
2
2,53
2,54
2
2,56
2,57
2
2,59
2,60
2
2,62
2,63
2
2,65
2,66
2
2,68
2,69
2
2,71
2,72
2
2,74
2,75
2
2,77
2,78
2
3,111,117,120
3,114,107,116,193
3,109,119,196
3,192,195,105,113
3,118,179,81,104,115,110,108,82,112,80,178,79,106
3,202,128,122,199
3,200,124,129
3,126,203
3,123,125,127,181,85,121,180,84,86
3,133,210,140
3,138,141,135,207
3,137,209,131,206
3,139,89,130,88,182,136,183,134,90,132
3,147,150,153,214
3,152,216,143,213
3,149,217,145
3,184,94,142,92,148,93,144,146,151,185
3,162,221,157,164
3,159,224,165
3,223,220,155,161
3,158,97,163,187,186,160,154,98,156,96
3,174,171,231
3,167,176,230,227
3,173,177,169,228
3,102,172,175,188,101,170,189,100,166,168
4,105
4
4,107
4
4,109
4
4,111
4
4,113
4,114
4
4,116
4,117
4
4,119
4,120
4
4,122
4
4,124
4
4,126
4
4,128
4,129
4
4,131
4
4,133
4
4,135
4
4,137
4,138
4
4,140
4,141
4
4,143
4
4,145
4
4,147
4
4,149
4,150
4
4,152
4,153
4
4,155
4
4,157
4
4,159
4
4,161
4,162
4
4,164
4,165
4
4,167
4
4,169
4
4,171
4
4,173
4,174
4
4,176
4,177
4
5,190
5,194
5,197
5,201
5,204
5,208
5,211
5,215
5,218
5,222
5,225
5,229
6,191
6,192
6,193
6
6,195
6,196
6
6,198
6,199
6,200
6
6,202
6,203
6
6,205
6,206
6,207
6
6,209
6,210
6
6,212
6,213
6,214
6
6,216
6,217
6
6,219
6,220
6,221
6
6,223
6,224
6
6,226
6,227
6,228
6
6,230
6,231
6
13,121,156,132
13,123,125
14,205,37,46,191,136,112,61,64,55,70,73,139,198,40,212,222,49,148,52,201,194,76,163,58,43,151,67,229,172,127
13,110
14,175,219,226,160,215,208
14,115,118
13,106,146,158,108,134,170
13,166,142,154,130
13,144,104,168