0
0
0
0,128
0,137,140,101
0,86
0
0,107
0,119,89,92
0,95,134,110
0,122
0
0
0
0
0
0
0
0
0
0
0,118
0,124
0,115
0,103
0,91
0,94
0,100
0,109
0,112
0,121
0,127
0,67
0,130
0,73
0,133
0,88
0,82
0,136
0,70
0,97
0,85
0,106
0,142
0,79
0
0,76
0,139
0,80,131
0,74,77
0,104
0,83,68
0,116,113,143
0
0,71,125,98
0
0
0
0
0
0
0
0
0
0
0
2,67
2,68
2
2,70
2,71
2
2,73
2,74
2
2,76
2,77
2
2,79
2,80
2
2,82
2,83
2
2,85
2,86
2
2,88
2,89
2
2,91
2,92
2
2,94
2,95
2
2,97
2,98
2
2,100
2,101
2
2,103
2,104
2
2,106
2,107
2
2,109
2,110
2
2,112
2,113
2
2,115
2,116
2
2,118
2,119
2
2,121
2,122
2
2,124
2,125
2
2,127
2,128
2
2,130
2,131
2
2,133
2,134
2
2,136
2,137
2
2,139
2,140
2
2,142
2,143
2
3,176,182,185
3,181,179,172,258
3,184,174,261
3,260,170,257,178
3,175,173,147,243,145,171,183,169,146,180,177,244,144
3,264,187,267,193
3,194,189,265
3,191,268
3,186,246,151,190,192,150,149,188,245
3,205,198,275
3,272,203,206,200
3,196,202,274,271
3,204,195,154,248,199,201,153,155,197,247
3,218,212,215,279
3,217,281,208,278
3,214,210,282
3,249,216,157,209,211,250,159,213,207,158
3,286,222,229,227
3,289,224,230
3,285,220,226,288
3,163,252,219,161,162,251,221,223,225,228
3,296,236,239
3,292,232,295,241
3,242,293,238,234
3,253,235,165,240,231,237,254,167,233,166
4,170
4
4,172
4
4,174
4
4,176
4
4,178
4,179
4
4,181
4,182
4
4,184
4,185
4
4,187
4
4,189
4
4,191
4
4,193
4,194
4
4,196
4
4,198
4
4,200
4
4,202
4,203
4
4,205
4,206
4
4,208
4
4,210
4
4,212
4
4,214
4,215
4
4,217
4,218
4
4,220
4
4,222
4
4,224
4
4,226
4,227
4
4,229
4,230
4
4,232
4
4,234
4
4,236
4
4,238
4,239
4
4,241
4,242
4
5,255
5,259
5,262
5,266
5,269
5,273
5,276
5,280
5,283
5,287
5,290
5,294
6,256
6,257
6,258
6
6,260
6,261
6
6,263
6,264
6,265
6
6,267
6,268
6
6,270
6,271
6,272
6
6,274
6,275
6
6,277
6,278
6,279
6
6,281
6,282
6
6,284
6,285
6,286
6
6,288
6,289
6
6,291
6,292
6,293
6
6,295
6,296
6
13,186,221,197
13,188,190
14,177,126,270,277,93,114,237,117,228,87,96,132,256,123,201,90,141,84,102,213,105,66,138,99,69,135,287,78,204,81,266,129,259,216,192,294,75,108,111,263,72,120
13,175
14,284,273,240,225,280,291
14,183,180
13,171,223,199,173,211,235
13,231,195,207,219
13,169,209,233