0
0
0
0
0
0
0
0,375
0
0,306
0,255,228
0,399
0,348
0,240,396
0
0,420
0,363
0,405,312
0,423
0,327,279
0,288
0,408,297,417
0,381
0,219
0,243
0,273
0,210
0,246,249
0,234,432
0
0
0,264,426
0,204,378,387,315
0,216,237,282
0
0
0
0
0
0
0
0
0
0
0
0
0
0
0
0
0
0
0
0
0
0
0
0
0
0
0
0,356
0,368
0,425
0,401
0,323
0,272
0,260
0,344
0,200
0,287
0,245
0,230
0,398
0,263
0,197
0,413
0,215
0,236
0,308
0,212
0,284
0,275
0,332
0,242
0,266
0,281
0,278
0,311
0,224
0,317
0,305
0,422
0,257
0,371
0,251
0,338
0,269
0,380
0,389
0,302
0,359
0,410
0,419
0,329
0,221
0,290
0,254
0,296
0,314
0,383
0,392
0,209
0,248
0,341
0,377
0,335
0,227
0,395
0,347
0,353
0
0,416
0,206
0,293
0
0,431
0,218
0,407
0,320
0,428
0,365
0,350
0,239
0,233
0,374
0,404
0,326
0,299
0,362
0,203
0,386
0,351
0,309,201,198,213,207
0,384
0,342
0
0,267,369
0,270,225
0,360,429,303
0
0,366,339,336
0,411
0,294
0,333
0,402
0
0
0,258
0
0
0,222,231
0,321,318,354,261,414,285
0,393,300,252
0,390,324
0,345,357
0,372,330
0
0,291,276
0
0
0
0
0
0
0
0
0
0
0
0
0
0
0
0
0
0
0
0
0
0
0
0
0
0
0
2,197
2,198
2
2,200
2,201
2
2,203
2,204
2
2,206
2,207
2
2,209
2,210
2
2,212
2,213
2
2,215
2,216
2
2,218
2,219
2
2,221
2,222
2
2,224
2,225
2
2,227
2,228
2
2,230
2,231
2
2,233
2,234
2
2,236
2,237
2
2,239
2,240
2
2,242
2,243
2
2,245
2,246
2
2,248
2,249
2
2,251
2,252
2
2,254
2,255
2
2,257
2,258
2
2,260
2,261
2
2,263
2,264
2
2,266
2,267
2
2,269
2,270
2
2,272
2,273
2
2,275
2,276
2
2,278
2,279
2
2,281
2,282
2
2,284
2,285
2
2,287
2,288
2
2,290
2,291
2
2,293
2,294
2
2,296
2,297
2
2,299
2,300
2
2,302
2,303
2
2,305
2,306
2
2,308
2,309
2
2,311
2,312
2
2,314
2,315
2
2,317
2,318
2
2,320
2,321
2
2,323
2,324
2
2,326
2,327
2
2,329
2,330
2
2,332
2,333
2
2,335
2,336
2
2,338
2,339
2
2,341
2,342
2
2,344
2,345
2
2,347
2,348
2
2,350
2,351
2
2,353
2,354
2
2,356
2,357
2
2,359
2,360
2
2,362
2,363
2
2,365
2,366
2
2,368
2,369
2
2,371
2,372
2
2,374
2,375
2
2,377
2,378
2
2,380
2,381
2
2,383
2,384
2
2,386
2,387
2
2,389
2,390
2
2,392
2,393
2
2,395
2,396
2
2,398
2,399
2
2,401
2,402
2
2,404
2,405
2
2,407
2,408
2
2,410
2,411
2
2,413
2,414
2
2,416
2,417
2
2,419
2,420
2
2,422
2,423
2
2,425
2,426
2
2,428
2,429
2
2,431
2,432
2
3,465,471,474
3,470,461,468,547
3,473,463,550
3,549,459,546,467
3,533,433,464,462,436,532,434,460,472,458,469,466,435
3,553,482,476,556
3,483,554,478
3,480,557
3,475,440,535,479,481,439,438,477,534
3,487,564,494
3,561,492,495,489
3,485,491,563,560
3,484,493,536,443,488,537,490,442,444,486
3,507,501,504,568
3,506,567,570,497
3,503,499,571
3,538,502,505,446,498,500,539,448,496,447
3,575,511,518,516
3,513,578,519
3,509,515,577,574
3,452,510,508,450,451,540,514,517,512,541
3,585,525,528
3,581,521,584,530
3,531,582,527,523
3,542,529,522,455,520,524,454,526,543,456
4,459
4
4,461
4
4,463
4
4,465
4
4,467
4,468
4
4,470
4,471
4
4,473
4,474
4
4,476
4
4,478
4
4,480
4
4,482
4,483
4
4,485
4
4,487
4
4,489
4
4,491
4,492
4
4,494
4,495
4
4,497
4
4,499
4
4,501
4
4,503
4,504
4
4,506
4,507
4
4,509
4
4,511
4
4,513
4
4,515
4,516
4
4,518
4,519
4
4,521
4
4,523
4
4,525
4
4,527
4,528
4
4,530
4,531
4
5,544
5,548
5,551
5,555
5,558
5,562
5,565
5,569
5,572
5,576
5,579
5,583
6,545
6,546
6,547
6
6,549
6,550
6
6,552
6,553
6,554
6
6,556
6,557
6
6,559
6,560
6,561
6
6,563
6,564
6
6,566
6,567
6,568
6
6,570
6,571
6
6,573
6,574
6,575
6
6,577
6,578
6
6,580
6,581
6,582
6
6,584
6,585
6
13,475,510,486
13,477,479
14,517,555,466,256,559,421,223,244,391,331,526,247,274,388,307,400,376,292,313,217,325,262,334,367,343,277,289,295,226,545,253,490,220,271,406,382,355,214,232,298,583,301,502,370,316,424,235,427,352,280,196,566,283,229,349,199,265,430,346,361,208,415,310,493,322,211,409,304,259,548,319,385,505,481,412,337,403,205,238,576,286,328,394,241,340,358,397,364,373,552,268,418,202,379,250
13,464
14,573,514,529,569,562,580
14,472,469
13,512,500,460,488,462,524
13,520,484,496,508
13,458,498,522