0
0,27,39
0,36
0,33
0
0
0
0
0,29
0,32
0
0,23
0,38
0,35
0,41
0,26
0,42
0,24,30
0
0
0
0
2,23
2,24
2
2,26
2,27
2
2,29
2,30
2
2,32
2,33
2
2,35
2,36
2
2,38
2,39
2
2,41
2,42
2
3,75,81,84
3,78,71,80,157
3,73,160,83
3,156,159,69,77
3,82,143,45,68,79,74,72,46,76,44,142,43,70
3,166,92,86,163
3,164,88,93
3,167,90
3,87,89,91,145,49,85,144,48,50
3,97,174,104
3,102,99,105,171
3,101,173,95,170
3,103,53,96,52,146,94,100,147,98,54
3,117,111,114,178
3,116,180,107,177
3,113,181,109
3,58,106,56,115,148,112,57,108,110,149
3,126,185,121,128
3,188,123,129
3,187,184,119,125
3,122,124,127,151,61,150,60,118,62,120
3,138,195,135
3,191,131,140,194
3,137,141,133,192
3,66,136,139,152,65,134,153,64,130,132
4,69
4
4,71
4
4,73
4
4,75
4
4,77
4,78
4
4,80
4,81
4
4,83
4,84
4
4,86
4
4,88
4
4,90
4
4,92
4,93
4
4,95
4
4,97
4
4,99
4
4,101
4,102
4
4,104
4,105
4
4,107
4
4,109
4
4,111
4
4,113
4,114
4
4,116
4,117
4
4,119
4
4,121
4
4,123
4
4,125
4,126
4
4,128
4,129
4
4,131
4
4,133
4
4,135
4
4,137
4,138
4
4,140
4,141
4
5,154
5,158
5,161
5,165
5,168
5,172
5,175
5,179
5,182
5,186
5,189
5,193
6,155
6,156
6,157
6
6,159
6,160
6
6,162
6,163
6,164
6
6,166
6,167
6
6,169
6,170
6,171
6
6,173
6,174
6
6,176
6,177
6,178
6
6,180
6,181
6
6,183
6,184
6,185
6
6,187
6,188
6
6,190
6,191
6,192
6
6,194
6,195
6
13,85,120,96
13,87,89
14,22,31,155,100,176,169,40,162,25,186,193,34,103,112,37,165,158,127,28,115,136,91,76
13,74
14,139,183,124,179,172,190
14,79,82
13,70,122,72,110,98,134
13,130,106,118,94
13,108,68,132