0
0
0
0
0
0
0,299
0,332,281,284
0,194
0
0,221
0,230,173
0,257,218
0
0,200
0,248,326,329
0,233,293,320
0,197
0,308,185
0
0,161,272
0,251,311
0,278,305,254
0,179
0,260,242
0
0,290
0
0
0
0
0
0
0
0
0
0
0
0
0
0
0
0
0
0
0
0
0
0
0,307
0,157
0,160
0,175
0,226
0,214
0,163
0,199
0,280
0,313
0,316
0,220
0,310
0,265
0,229
0,172
0,253
0,223
0,235
0,271
0,259
0,232
0,331
0,262
0,292
0,166
0,247
0,322
0,301
0,304
0,211
0,286
0,268
0,187
0,190
0,238
0,205
0,154
0,196
0,193
0,181
0,298
0,277
0,241
0,256
0,295
0,244
0,325
0,208
0,184
0,178
0,319
0
0,283
0,169
0,274
0,328
0,334
0,217
0,202
0,250
0,289
0,335
0,155,296
0,206,215,224
0,212,176
0,227
0
0,170,275
0,182
0,203
0,269
0,263
0,191,317,209,266,287
0,323,302
0
0,314,245
0
0,236
0,164
0,188,158
0
0,239,167
0
0
0
0
0
0
0
0
0
0
0
0
0
0
0
0
0
0
0
0
0
2,154
2,155
2
2,157
2,158
2
2,160
2,161
2
2,163
2,164
2
2,166
2,167
2
2,169
2,170
2
2,172
2,173
2
2,175
2,176
2
2,178
2,179
2
2,181
2,182
2
2,184
2,185
2
2,187
2,188
2
2,190
2,191
2
2,193
2,194
2
2,196
2,197
2
2,199
2,200
2
2,202
2,203
2
2,205
2,206
2
2,208
2,209
2
2,211
2,212
2
2,214
2,215
2
2,217
2,218
2
2,220
2,221
2
2,223
2,224
2
2,226
2,227
2
2,229
2,230
2
2,232
2,233
2
2,235
2,236
2
2,238
2,239
2
2,241
2,242
2
2,244
2,245
2
2,247
2,248
2
2,250
2,251
2
2,253
2,254
2
2,256
2,257
2
2,259
2,260
2
2,262
2,263
2
2,265
2,266
2
2,268
2,269
2
2,271
2,272
2
2,274
2,275
2
2,277
2,278
2
2,280
2,281
2
2,283
2,284
2
2,286
2,287
2
2,289
2,290
2
2,292
2,293
2
2,295
2,296
2
2,298
2,299
2
2,301
2,302
2
2,304
2,305
2
2,307
2,308
2
2,310
2,311
2
2,313
2,314
2
2,316
2,317
2
2,319
2,320
2
2,322
2,323
2
2,325
2,326
2
2,328
2,329
2
2,331
2,332
2
2,334
2,335
2
3,368,374,377
3,373,371,364,450
3,376,366,453
3,452,362,449,370
3,436,367,365,339,435,337,363,361,375,338,372,369,336
3,456,385,379,459
3,386,457,381
3,383,460
3,378,343,438,382,384,342,341,380,437
3,390,467,397
3,392,464,395,398
3,388,394,466,463
3,396,387,346,440,391,393,345,347,439,389
3,410,404,407,471
3,409,470,473,400
3,406,402,474
3,441,408,349,401,403,442,351,350,405,399
3,478,414,419,421
3,481,416,422
3,477,412,418,480
3,355,413,444,411,353,354,443,417,420,415
3,488,428,431
3,484,424,487,433
3,434,485,430,426
3,445,427,423,357,429,432,446,359,425,358
4,362
4
4,364
4
4,366
4
4,368
4
4,370
4,371
4
4,373
4,374
4
4,376
4,377
4
4,379
4
4,381
4
4,383
4
4,385
4,386
4
4,388
4
4,390
4
4,392
4
4,394
4,395
4
4,397
4,398
4
4,400
4
4,402
4
4,404
4
4,406
4,407
4
4,409
4,410
4
4,412
4
4,414
4
4,416
4
4,418
4,419
4
4,421
4,422
4
4,424
4
4,426
4
4,428
4
4,430
4,431
4
4,433
4,434
4
5,447
5,451
5,454
5,458
5,461
5,465
5,468
5,472
5,475
5,479
5,482
5,486
6,448
6,449
6,450
6
6,452
6,453
6
6,455
6,456
6,457
6
6,459
6,460
6
6,462
6,463
6,464
6
6,466
6,467
6
6,469
6,470
6,471
6
6,473
6,474
6
6,476
6,477
6,478
6
6,480
6,481
6
6,483
6,484
6,485
6
6,487
6,488
6
13,413,378,389
13,380,382
14,282,369,189,180,288,429,204,231,264,333,249,270,420,174,219,291,213,324,234,246,252,462,183,210,393,177,228,312,171,255,258,405,273,201,309,237,153,469,300,240,186,306,156,222,303,318,267,279,192,168,448,458,261,216,451,479,276,408,384,327,294,486,162,195,243,285,198,297,315,321,330,455,225,165,159,396,207
13,367
14,476,465,432,472,483,417
14,372,375
13,363,415,391,365,403,427
13,411,423,387,399
13,361,401,425