0
0
0
0
0
0
0
0
0
0,392,389,290
0,329,440,275,266,434,242
0,401
0,512
0,491,296
0
0,470,479,437
0,476
0
0,314
0
0
0,347
0,482
0,350
0,494,335
0,428,305
0,458,530
0,308,323,524
0,419,452
0,377
0
0
0,404
0
0,263,365,407
0,416
0,425
0,467,464,293
0,317
0,449
0,500,386,503,251,413
0,446
0
0
0
0
0
0
0
0
0
0
0
0
0
0
0
0
0
0
0
0
0
0
0
0
0
0
0
0
0
0
0
0
0
0,328
0,490
0,517
0,475
0,523
0,496
0,433
0,397
0,259
0,283
0,481
0,418
0,319
0,436
0,511
0,487
0,469
0,268
0,454
0,379
0,529
0,331
0,394
0,316
0,346
0,415
0,358
0,277
0,244
0
0,424
0,367
0,274
0,301
0,526
0,442
0,460
0,451
0,253
0,298
0,307
0,505
0,295
0,463
0,439
0,355
0,403
0,430
0,292
0,256
0,499
0,334
0,286
0,406
0,370
0,478
0,280
0,250
0,448
0,385
0,457
0,343
0,271
0,322
0,262
0,502
0,376
0,388
0,352
0,361
0,337
0,340
0,400
0,313
0,325
0,364
0,412
0,409
0,514
0,445
0,493
0,520
0,484
0,304
0,289
0,310
0
0,241
0,472
0,391
0,466
0,427
0,247
0,382
0,265
0,349
0,508
0,373
0,421
0,287,338
0,521
0,278
0,506
0,359,443
0,488,353
0,302
0,497,398,299
0,374,527
0,485
0,341,509,257
0
0
0,461,356
0,383
0,431
0,326,518,368,380
0,455,332,320
0,473
0,422,272,311
0,284,371
0
0
0,362
0,254,248,260
0,269
0,410,344
0
0,395
0
0
0,281,515
0,245
0
0
0
0
0
0
0
0
0
0
0
0
0
0
0
0
0
0
0
0
0
0
0
0
0
0
0
0
0
0
0
0
0
2,241
2,242
2
2,244
2,245
2
2,247
2,248
2
2,250
2,251
2
2,253
2,254
2
2,256
2,257
2
2,259
2,260
2
2,262
2,263
2
2,265
2,266
2
2,268
2,269
2
2,271
2,272
2
2,274
2,275
2
2,277
2,278
2
2,280
2,281
2
2,283
2,284
2
2,286
2,287
2
2,289
2,290
2
2,292
2,293
2
2,295
2,296
2
2,298
2,299
2
2,301
2,302
2
2,304
2,305
2
2,307
2,308
2
2,310
2,311
2
2,313
2,314
2
2,316
2,317
2
2,319
2,320
2
2,322
2,323
2
2,325
2,326
2
2,328
2,329
2
2,331
2,332
2
2,334
2,335
2
2,337
2,338
2
2,340
2,341
2
2,343
2,344
2
2,346
2,347
2
2,349
2,350
2
2,352
2,353
2
2,355
2,356
2
2,358
2,359
2
2,361
2,362
2
2,364
2,365
2
2,367
2,368
2
2,370
2,371
2
2,373
2,374
2
2,376
2,377
2
2,379
2,380
2
2,382
2,383
2
2,385
2,386
2
2,388
2,389
2
2,391
2,392
2
2,394
2,395
2
2,397
2,398
2
2,400
2,401
2
2,403
2,404
2
2,406
2,407
2
2,409
2,410
2
2,412
2,413
2
2,415
2,416
2
2,418
2,419
2
2,421
2,422
2
2,424
2,425
2
2,427
2,428
2
2,430
2,431
2
2,433
2,434
2
2,436
2,437
2
2,439
2,440
2
2,442
2,443
2
2,445
2,446
2
2,448
2,449
2
2,451
2,452
2
2,454
2,455
2
2,457
2,458
2
2,460
2,461
2
2,463
2,464
2
2,466
2,467
2
2,469
2,470
2
2,472
2,473
2
2,475
2,476
2
2,478
2,479
2
2,481
2,482
2
2,484
2,485
2
2,487
2,488
2
2,490
2,491
2
2,493
2,494
2
2,496
2,497
2
2,499
2,500
2
2,502
2,503
2
2,505
2,506
2
2,508
2,509
2
2,511
2,512
2
2,514
2,515
2
2,517
2,518
2
2,520
2,521
2
2,523
2,524
2
2,526
2,527
2
2,529
2,530
2
3,569,572,563
3,568,566,559,645
3,571,561,648
3,647,644,557,565
3,631,558,534,630,532,556,570,564,533,567,562,531,560
3,651,580,574,654
3,652,576,581
3,578,655
3,573,538,633,577,579,537,536,575,632
3,585,662,592
3,659,590,593,587
3,583,589,661,658
3,582,591,634,541,635,586,588,584,542,540
3,605,599,602,666
3,665,604,668,595
3,601,669,597
3,600,636,544,596,598,637,546,603,594,545
3,673,609,616,614
3,676,611,617
3,672,613,675,607
3,550,608,639,606,549,638,610,548,612,615
3,626,683,623
3,619,679,682,628
3,629,680,625,621
3,640,552,627,620,553,618,624,641,622,554
4,557
4
4,559
4
4,561
4
4,563
4
4,565
4,566
4
4,568
4,569
4
4,571
4,572
4
4,574
4
4,576
4
4,578
4
4,580
4,581
4
4,583
4
4,585
4
4,587
4
4,589
4,590
4
4,592
4,593
4
4,595
4
4,597
4
4,599
4
4,601
4,602
4
4,604
4,605
4
4,607
4
4,609
4
4,611
4
4,613
4,614
4
4,616
4,617
4
4,619
4
4,621
4
4,623
4
4,625
4,626
4
4,628
4,629
4
5,642
5,646
5,649
5,653
5,656
5,660
5,663
5,667
5,670
5,674
5,677
5,681
6,643
6,644
6,645
6
6,647
6,648
6
6,650
6,651
6,652
6
6,654
6,655
6
6,657
6,658
6,659
6
6,661
6,662
6
6,664
6,665
6,666
6
6,668
6,669
6
6,671
6,672
6,673
6
6,675
6,676
6
6,678
6,679
6,680
6
6,682
6,683
6
13,573,608,584
13,575,577
14,453,369,564,657,267,474,288,435,501,375,291,318,432,351,444,643,420,336,615,261,441,270,306,429,378,300,411,321,489,333,339,297,264,315,480,450,426,498,483,342,399,258,276,525,477,471,345,600,519,360,468,528,324,492,240,504,664,624,387,447,327,273,486,516,393,243,309,405,495,459,354,591,366,279,255,653,348,303,465,510,646,588,674,363,603,513,579,414,456,522,381,681,249,282,390,330,372,438,285,384,402,408,507,417,650,312,357,462,252,246,396,423,294
13,562
14,671,660,627,667,678,612
14,570,567
13,558,610,586,560,598,622
13,618,582,594,606
13,556,596,620