0
0
0
0,96
0,117,102
0
0,138,126,84,90,144,141
0
0,153
0,99,78,123,111
0,147
0,129,156
0
0
0
0
0
0
0
0
0
0
0
0,98
0,107
0,146
0,83
0,125
0,131
0,143
0,155
0,128
0,89
0,80
0,140
0,119
0,74
0,95
0,134
0,149
0,92
0,116
0
0,77
0,152
0,86
0,113
0
0,104
0,110
0,101
0,137
0,122
0,105
0,75,135
0,114
0,108
0,93
0
0,150
0,87,81,120
0
0,132
0
0
0
0
0
0
0
0
0
0
2,74
2,75
2
2,77
2,78
2
2,80
2,81
2
2,83
2,84
2
2,86
2,87
2
2,89
2,90
2
2,92
2,93
2
2,95
2,96
2
2,98
2,99
2
2,101
2,102
2
2,104
2,105
2
2,107
2,108
2
2,110
2,111
2
2,113
2,114
2
2,116
2,117
2
2,119
2,120
2
2,122
2,123
2
2,125
2,126
2
2,128
2,129
2
2,131
2,132
2
2,134
2,135
2
2,137
2,138
2
2,140
2,141
2
2,143
2,144
2
2,146
2,147
2
2,149
2,150
2
2,152
2,153
2
2,155
2,156
2
3,189,195,198
3,194,192,185,271
3,197,187,274
3,273,270,183,191
3,257,186,160,256,158,184,196,182,193,188,190,159,157
3,277,206,200,280
3,207,278,202
3,204,281
3,199,259,164,203,205,163,162,201,258
3,218,211,288
3,285,216,219,213
3,209,215,287,284
3,217,208,167,261,212,214,166,168,210,260
3,231,225,228,292
3,230,294,221,291
3,227,223,295
3,262,229,170,222,224,263,172,226,220,171
3,299,235,242,240
3,302,237,243
3,298,233,239,301
3,234,265,232,175,264,236,176,238,241,174
3,309,249,252
3,305,245,308,254
3,255,306,251,247
3,266,248,253,244,178,250,267,180,246,179
4,183
4
4,185
4
4,187
4
4,189
4
4,191
4,192
4
4,194
4,195
4
4,197
4,198
4
4,200
4
4,202
4
4,204
4
4,206
4,207
4
4,209
4
4,211
4
4,213
4
4,215
4,216
4
4,218
4,219
4
4,221
4
4,223
4
4,225
4
4,227
4,228
4
4,230
4,231
4
4,233
4
4,235
4
4,237
4
4,239
4,240
4
4,242
4,243
4
4,245
4
4,247
4
4,249
4
4,251
4,252
4
4,254
4,255
4
5,268
5,272
5,275
5,279
5,282
5,286
5,289
5,293
5,296
5,300
5,303
5,307
6,269
6,270
6,271
6
6,273
6,274
6
6,276
6,277
6,278
6
6,280
6,281
6
6,283
6,284
6,285
6
6,287
6,288
6
6,290
6,291
6,292
6
6,294
6,295
6
6,297
6,298
6,299
6
6,301
6,302
6
6,304
6,305
6,306
6
6,308
6,309
6
13,234,199,210
13,201,203
14,190,133,283,100,121,250,124,151,241,94,103,139,154,269,290,214,97,91,109,226,112,73,145,106,76,142,300,85,217,88,279,136,130,272,229,205,148,307,82,115,118,276,79,127
13,188
14,297,286,253,293,304,238
14,196,193
13,184,236,212,186,224,248
13,244,208,220,232
13,182,222,246