0
0
0
0
0
0,209
0,251,281
0,194,227
0
0
0,236
0,254
0,293
0,140
0
0,278
0,173,191
0,161,182,290
0,257,212,224
0,302,263,266,179
0,239
0,167
0,206,221
0,146,200
0
0
0
0
0
0
0
0
0
0
0
0
0
0
0
0
0
0
0
0,187
0,166
0,262
0,190
0,298
0,193
0,253
0,181
0,256
0,244
0,286
0,220
0,292
0,259
0,241
0,235
0,250
0,229
0,232
0,202
0,169
0,301
0
0,172
0,142
0,178
0,214
0,238
0,277
0,283
0,205
0,196
0,217
0,208
0,175
0,265
0,163
0,280
0,160
0,268
0,223
0,148
0
0,289
0,247
0,154
0,145
0,139
0,184
0,271
0,199
0,226
0,151
0,211
0,274
0,295
0,157
0,170
0
0,287,218
0,152,176
0,233
0,269
0,242,143
0,245,203,275
0,296
0
0,164
0,155
0,158,284,185
0
0,149
0,197,248
0,215,272
0,299,188
0,260,230
0
0
0
0
0
0
0
0
0
0
0
0
0
0
0
0
0
0
0
2,139
2,140
2
2,142
2,143
2
2,145
2,146
2
2,148
2,149
2
2,151
2,152
2
2,154
2,155
2
2,157
2,158
2
2,160
2,161
2
2,163
2,164
2
2,166
2,167
2
2,169
2,170
2
2,172
2,173
2
2,175
2,176
2
2,178
2,179
2
2,181
2,182
2
2,184
2,185
2
2,187
2,188
2
2,190
2,191
2
2,193
2,194
2
2,196
2,197
2
2,199
2,200
2
2,202
2,203
2
2,205
2,206
2
2,208
2,209
2
2,211
2,212
2
2,214
2,215
2
2,217
2,218
2
2,220
2,221
2
2,223
2,224
2
2,226
2,227
2
2,229
2,230
2
2,232
2,233
2
2,235
2,236
2
2,238
2,239
2
2,241
2,242
2
2,244
2,245
2
2,247
2,248
2
2,250
2,251
2
2,253
2,254
2
2,256
2,257
2
2,259
2,260
2
2,262
2,263
2
2,265
2,266
2
2,268
2,269
2
2,271
2,272
2
2,274
2,275
2
2,277
2,278
2
2,280
2,281
2
2,283
2,284
2
2,286
2,287
2
2,289
2,290
2
2,292
2,293
2
2,295
2,296
2
2,298
2,299
2
2,301
2,302
2
3,335,341,344
3,340,331,338,417
3,343,333,420
3,419,329,416,337
3,403,334,332,306,402,304,330,342,328,305,339,336,303
3,352,346,426,423
3,424,348,353
3,350,427
3,345,310,405,349,351,308,309,347,404
3,357,434,364
3,365,431,362,359
3,355,361,433,430
3,363,354,313,407,358,356,360,312,314,406
3,377,371,374,438
3,376,437,440,367
3,373,369,441
3,408,375,316,368,370,409,318,372,366,317
3,445,381,388,386
3,448,383,389
3,444,379,385,447
3,322,411,378,320,321,410,380,384,387,382
3,455,395,398
3,451,391,454,400
3,401,452,397,393
3,412,394,413,390,324,396,399,326,392,325
4,329
4
4,331
4
4,333
4
4,335
4
4,337
4,338
4
4,340
4,341
4
4,343
4,344
4
4,346
4
4,348
4
4,350
4
4,352
4,353
4
4,355
4
4,357
4
4,359
4
4,361
4,362
4
4,364
4,365
4
4,367
4
4,369
4
4,371
4
4,373
4,374
4
4,376
4,377
4
4,379
4
4,381
4
4,383
4
4,385
4,386
4
4,388
4,389
4
4,391
4
4,393
4
4,395
4
4,397
4,398
4
4,400
4,401
4
5,414
5,418
5,421
5,425
5,428
5,432
5,435
5,439
5,442
5,446
5,449
5,453
6,415
6,416
6,417
6
6,419
6,420
6
6,422
6,423
6,424
6
6,426
6,427
6
6,429
6,430
6,431
6
6,433
6,434
6
6,436
6,437
6,438
6
6,440
6,441
6
6,443
6,444
6,445
6
6,447
6,448
6
6,450
6,451
6,452
6
6,454
6,455
6
13,380,345,356
13,347,349
14,267,336,198,429,273,396,189,216,249,234,255,387,159,168,276,219,231,237,415,195,360,204,162,213,297,156,174,240,351,243,372,258,177,186,294,222,138,436,285,225,171,291,141,207,288,446,150,252,363,264,153,425,246,201,418,261,375,228,279,453,147,180,270,183,282,300,422,210,144,165,192
13,334
14,443,432,399,439,450,384
14,342,339
13,330,382,370,358,332,394
13,390,366,378,354
13,328,368,392