0
0
0
0,164,170,92,188
0,149
0,131,101
0
0,182,113,161,185
0,167
0
0
0,176,152
0,116,137
0,125
0,95
0
0
0
0
0
0
0
0
0
0
0
0
0,166
0
0
0,124
0,133
0,130
0,184
0,151
0,118
0,103
0,142
0,88
0,94
0,112
0,100
0,169
0,97
0,148
0,154
0,109
0,187
0,178
0,121
0,91
0,160
0,172
0,139
0,181
0,127
0,106
0,115
0,175
0,145
0,163
0,157
0,136
0,89
0,179
0,173,134,143
0,98,140
0,128
0,119,107
0
0
0,110,158,146
0,104
0,155
0,122
0
0
0
0
0
0
0
0
0
0
0
0
2,88
2,89
2
2,91
2,92
2
2,94
2,95
2
2,97
2,98
2
2,100
2,101
2
2,103
2,104
2
2,106
2,107
2
2,109
2,110
2
2,112
2,113
2
2,115
2,116
2
2,118
2,119
2
2,121
2,122
2
2,124
2,125
2
2,127
2,128
2
2,130
2,131
2
2,133
2,134
2
2,136
2,137
2
2,139
2,140
2
2,142
2,143
2
2,145
2,146
2
2,148
2,149
2
2,151
2,152
2
2,154
2,155
2
2,157
2,158
2
2,160
2,161
2
2,163
2,164
2
2,166
2,167
2
2,169
2,170
2
2,172
2,173
2
2,175
2,176
2
2,178
2,179
2
2,181
2,182
2
2,184
2,185
2
2,187
2,188
2
3,221,227,230
3,226,224,217,303
3,229,219,306
3,305,215,302,223
3,220,218,192,288,190,216,228,214,191,225,222,289,189
3,309,238,232,312
3,239,310,234
3,236,313
3,231,291,196,235,237,195,194,233,290
3,243,250,320
3,317,248,251,245
3,241,247,319,316
3,249,240,199,293,244,246,198,200,242,292
3,263,257,260,324
3,262,323,326,253
3,259,255,327
3,294,261,202,254,256,295,204,258,252,203
3,331,267,274,272
3,334,269,275
3,271,330,265,333
3,208,266,297,264,206,207,296,268,270,273
3,341,281,284
3,337,277,340,286
3,287,338,283,279
3,298,280,285,276,210,282,299,212,278,211
4,215
4
4,217
4
4,219
4
4,221
4
4,223
4,224
4
4,226
4,227
4
4,229
4,230
4
4,232
4
4,234
4
4,236
4
4,238
4,239
4
4,241
4
4,243
4
4,245
4
4,247
4,248
4
4,250
4,251
4
4,253
4
4,255
4
4,257
4
4,259
4,260
4
4,262
4,263
4
4,265
4
4,267
4
4,269
4
4,271
4,272
4
4,274
4,275
4
4,277
4
4,279
4
4,281
4
4,283
4,284
4
4,286
4,287
4
5,300
5,304
5,307
5,311
5,314
5,318
5,321
5,325
5,328
5,332
5,335
5,339
6,301
6,302
6,303
6
6,305
6,306
6
6,308
6,309
6,310
6
6,312
6,313
6
6,315
6,316
6,317
6
6,319
6,320
6
6,322
6,323
6,324
6
6,326
6,327
6
6,329
6,330
6,331
6
6,333
6,334
6
6,336
6,337
6,338
6
6,340
6,341
6
13,231,266,242
13,233,235
14,171,222,147,315,114,135,282,138,165,183,273,108,153,168,180,186,117,301,144,322,246,102,111,105,123,258,126,87,174,120,90,156,332,99,249,311,150,129,304,261,237,162,339,96,177,132,308,159,93,141
13,220
14,329,318,285,325,336,270
14,228,225
13,216,268,244,218,256,280
13,276,240,252,264
13,214,254,278