0
0
0,114
0,60
0,81
0
0,123,105
0,111,87,75,117,72
0,108
0,69
0
0
0
0
0
0
0
0
0,68
0,59
0,89
0,86
0,74
0,92
0,65
0,104
0,95
0,71
0,101
0,77
0,110
0,98
0,119
0,83
0,122
0
0,62
0,107
0,113
0
0,80
0,116
0,96
0,90,93
0,99,63
0,78
0,120
0
0,102,84
0,66
0
0
0
0
0
0
0
0
2,59
2,60
2
2,62
2,63
2
2,65
2,66
2
2,68
2,69
2
2,71
2,72
2
2,74
2,75
2
2,77
2,78
2
2,80
2,81
2
2,83
2,84
2
2,86
2,87
2
2,89
2,90
2
2,92
2,93
2
2,95
2,96
2
2,98
2,99
2
2,101
2,102
2
2,104
2,105
2
2,107
2,108
2
2,110
2,111
2
2,113
2,114
2
2,116
2,117
2
2,119
2,120
2
2,122
2,123
2
3,156,162,165
3,161,159,152,238
3,164,154,241
3,240,150,237,158
3,224,153,127,223,125,151,163,149,126,160,155,157,124
3,244,173,167,247
3,174,245,169
3,171,248
3,166,226,131,170,172,130,129,168,225
3,185,178,255
3,252,183,186,180
3,176,182,254,251
3,184,134,175,228,179,181,133,135,177,227
3,198,192,195,259
3,197,261,188,258
3,194,190,262
3,229,196,137,189,191,230,139,193,187,138
3,266,202,209,207
3,269,204,210
3,265,200,206,268
3,203,143,232,199,142,231,201,205,208,141
3,276,216,219
3,272,212,275,221
3,222,273,218,214
3,233,215,146,220,211,145,217,234,147,213
4,150
4
4,152
4
4,154
4
4,156
4
4,158
4,159
4
4,161
4,162
4
4,164
4,165
4
4,167
4
4,169
4
4,171
4
4,173
4,174
4
4,176
4
4,178
4
4,180
4
4,182
4,183
4
4,185
4,186
4
4,188
4
4,190
4
4,192
4
4,194
4,195
4
4,197
4,198
4
4,200
4
4,202
4
4,204
4
4,206
4,207
4
4,209
4,210
4
4,212
4
4,214
4
4,216
4
4,218
4,219
4
4,221
4,222
4
5,235
5,239
5,242
5,246
5,249
5,253
5,256
5,260
5,263
5,267
5,270
5,274
6,236
6,237
6,238
6
6,240
6,241
6
6,243
6,244
6,245
6
6,247
6,248
6
6,250
6,251
6,252
6
6,254
6,255
6
6,257
6,258
6,259
6
6,261
6,262
6
6,264
6,265
6,266
6
6,268
6,269
6
6,271
6,272
6,273
6
6,275
6,276
6
13,166,201,177
13,168,170
14,157,118,250,85,106,217,109,208,79,88,236,115,181,82,76,94,193,97,58,257,91,61,267,70,184,73,246,121,239,196,172,274,67,100,103,243,64,112
13,155
14,264,253,220,260,271,205
14,163,160
13,151,203,179,153,191,215
13,211,175,187,199
13,149,189,213