0
0
0
0
0
0
0
0,279,228,171
0,300,189,246
0
0,165,324,180
0
0,312,219
0,303
0
0
0,267,327
0,276,261,177,258
0,321
0,222
0,288
0,240
0,225,183,168,333,186,294
0,354,231,195
0
0
0,351,264
0,309
0
0
0
0
0
0
0
0
0
0
0
0
0
0
0
0
0
0
0
0
0
0
0,323
0,263
0,200
0,314
0,311
0,302
0,176
0,338
0,194
0,269
0,230
0,173
0,242
0,350
0,272
0,209
0,224
0,179
0,305
0,335
0,215
0,329
0,284
0,164
0,317
0,278
0,203
0,182
0,236
0,251
0,320
0,296
0,212
0,266
0,344
0,245
0,197
0,353
0,308
0,257
0,260
0,191
0,275
0,293
0,287
0
0,221
0,341
0,161
0,239
0,170
0,290
0,254
0,185
0,206
0,248
0,326
0,299
0,188
0,332
0,167
0,218
0,227
0,233
0,347
0,281
0,345,252
0,315
0,336,318
0,210,255
0,297
0,270
0,285
0,249,174
0,204
0,306,216,213,273
0
0
0,291
0,330
0,348,201,234
0,192
0,339,243
0,342
0,207
0,237,162
0,282
0,198
0
0
0
0
0
0
0
0
0
0
0
0
0
0
0
0
0
0
0
0
0
0
2,161
2,162
2
2,164
2,165
2
2,167
2,168
2
2,170
2,171
2
2,173
2,174
2
2,176
2,177
2
2,179
2,180
2
2,182
2,183
2
2,185
2,186
2
2,188
2,189
2
2,191
2,192
2
2,194
2,195
2
2,197
2,198
2
2,200
2,201
2
2,203
2,204
2
2,206
2,207
2
2,209
2,210
2
2,212
2,213
2
2,215
2,216
2
2,218
2,219
2
2,221
2,222
2
2,224
2,225
2
2,227
2,228
2
2,230
2,231
2
2,233
2,234
2
2,236
2,237
2
2,239
2,240
2
2,242
2,243
2
2,245
2,246
2
2,248
2,249
2
2,251
2,252
2
2,254
2,255
2
2,257
2,258
2
2,260
2,261
2
2,263
2,264
2
2,266
2,267
2
2,269
2,270
2
2,272
2,273
2
2,275
2,276
2
2,278
2,279
2
2,281
2,282
2
2,284
2,285
2
2,287
2,288
2
2,290
2,291
2
2,293
2,294
2
2,296
2,297
2
2,299
2,300
2
2,302
2,303
2
2,305
2,306
2
2,308
2,309
2
2,311
2,312
2
2,314
2,315
2
2,317
2,318
2
2,320
2,321
2
2,323
2,324
2
2,326
2,327
2
2,329
2,330
2
2,332
2,333
2
2,335
2,336
2
2,338
2,339
2
2,341
2,342
2
2,344
2,345
2
2,347
2,348
2
2,350
2,351
2
2,353
2,354
2
3,387,393,396
3,392,390,383,469
3,395,385,472
3,471,381,468,389
3,384,358,454,455,356,382,380,394,357,391,386,388,355
3,475,404,398,478
3,476,405,400
3,402,479
3,397,362,457,401,403,361,360,399,456
3,409,486,416
3,414,483,417,411
3,407,413,485,482
3,415,406,365,459,410,412,364,366,408,458
3,429,423,426,490
3,428,489,492,419
3,425,421,493
3,460,368,420,461,370,424,427,418,422,369
3,497,433,440,438
3,500,435,441
3,496,431,437,499
3,374,430,373,462,432,436,439,434,463,372
3,507,447,450
3,503,443,506,452
3,453,504,449,445
3,464,465,451,442,376,448,446,378,444,377
4,381
4
4,383
4
4,385
4
4,387
4
4,389
4,390
4
4,392
4,393
4
4,395
4,396
4
4,398
4
4,400
4
4,402
4
4,404
4,405
4
4,407
4
4,409
4
4,411
4
4,413
4,414
4
4,416
4,417
4
4,419
4
4,421
4
4,423
4
4,425
4,426
4
4,428
4,429
4
4,431
4
4,433
4
4,435
4
4,437
4,438
4
4,440
4,441
4
4,443
4
4,445
4
4,447
4
4,449
4,450
4
4,452
4,453
4
5,466
5,470
5,473
5,477
5,480
5,484
5,487
5,491
5,494
5,498
5,501
5,505
6,467
6,468
6,469
6
6,471
6,472
6
6,474
6,475
6,476
6
6,478
6,479
6
6,481
6,482
6,483
6
6,485
6,486
6
6,488
6,489
6,490
6
6,492
6,493
6
6,495
6,496
6,497
6
6,499
6,500
6
6,502
6,503
6,504
6
6,506
6,507
6
13,397,432,408
13,399,401
14,289,388,220,481,187,295,448,211,238,352,271,340,256,277,439,181,190,226,298,331,241,253,259,217,412,184,235,346,319,178,196,262,265,424,280,199,208,316,244,160,488,307,247,193,313,163,229,310,325,172,274,415,286,175,467,477,268,223,470,283,349,427,403,334,301,505,169,202,498,250,292,205,304,322,328,337,474,232,214,166,343
13,386
14,495,451,491,484,502,436
14,394,391
13,382,434,410,384,422,446
13,442,406,418,430
13,380,420,444