0
0,45
0,42,39
0,30
0
0
0
0,23
0,35
0,41
0,26
0,32
0,38
0,29
0,44
0
0,36
0,27
0,33,24
0
0
0
2,23
2,24
2
2,26
2,27
2
2,29
2,30
2
2,32
2,33
2
2,35
2,36
2
2,38
2,39
2
2,41
2,42
2
2,44
2,45
2
3,78,84,87
3,81,74,83,160
3,76,86,163
3,159,162,72,80
3,85,146,48,71,82,77,75,49,79,145,47,46,73
3,169,95,89,166
3,91,96,167
3,170,93
3,90,92,94,148,52,147,51,88,53
3,100,177,107
3,105,108,102,174
3,176,98,173,104
3,106,97,56,99,55,149,103,150,101,57
3,114,117,120,181
3,119,183,110,180
3,116,184,112
3,61,109,59,151,115,60,111,113,118,152
3,129,131,188,124
3,126,191,132
3,190,187,122,128
3,125,127,64,130,154,153,121,65,123,63
3,141,198,138
3,194,134,143,197
3,140,144,136,195
3,69,139,142,68,137,155,156,67,133,135
4,72
4
4,74
4
4,76
4
4,78
4
4,80
4,81
4
4,83
4,84
4
4,86
4,87
4
4,89
4
4,91
4
4,93
4
4,95
4,96
4
4,98
4
4,100
4
4,102
4
4,104
4,105
4
4,107
4,108
4
4,110
4
4,112
4
4,114
4
4,116
4,117
4
4,119
4,120
4
4,122
4
4,124
4
4,126
4
4,128
4,129
4
4,131
4,132
4
4,134
4
4,136
4
4,138
4
4,140
4,141
4
4,143
4,144
4
5,157
5,161
5,164
5,168
5,171
5,175
5,178
5,182
5,185
5,189
5,192
5,196
6,158
6,159
6,160
6
6,162
6,163
6
6,165
6,166
6,167
6
6,169
6,170
6
6,172
6,173
6,174
6
6,176
6,177
6
6,179
6,180
6,181
6
6,183
6,184
6
6,186
6,187
6,188
6
6,190
6,191
6
6,193
6,194
6,195
6
6,197
6,198
6
13,88,123,99
13,92,90
14,22,31,158,103,179,79,172,40,165,25,189,196,34,130,106,115,37,168,161,28,43,118,139,94
13,77
14,142,182,186,193,127,175
14,82,85
13,73,125,75,101,113,137
13,133,109,121,97
13,71,135,111