0
0
0
0
0,181
0,229
0
0
0,208
0,193,202
0,142
0,124
0,145,256,196
0,247,214
0,172,250,178,127
0
0
0,238,184,205,154
0,259
0,148,157,151,130
0
0
0
0
0
0
0
0
0
0
0
0
0
0
0
0
0,144
0,225
0,153
0,150
0,147
0,123
0,237
0,243
0,246
0,222
0,168
0,186
0,204
0,135
0,126
0,162
0,138
0,234
0,228
0,210
0,213
0,183
0,249
0,219
0,231
0,165
0,174
0,198
0,189
0,195
0,180
0,192
0,132
0,171
0,252
0,207
0,117
0,141
0,258
0,216
0,201
0,159
0,120
0,177
0,240
0,156
0,255
0,129
0,169
0,190,121,166
0,139
0,232,118
0,211
0,133,175
0,187
0,244,226
0,199,220
0,241
0
0,217
0
0,253
0,163,235
0,136,223,160
0
0
0
0
0
0
0
0
0
0
0
0
0
0
0
0
2,117
2,118
2
2,120
2,121
2
2,123
2,124
2
2,126
2,127
2
2,129
2,130
2
2,132
2,133
2
2,135
2,136
2
2,138
2,139
2
2,141
2,142
2
2,144
2,145
2
2,147
2,148
2
2,150
2,151
2
2,153
2,154
2
2,156
2,157
2
2,159
2,160
2
2,162
2,163
2
2,165
2,166
2
2,168
2,169
2
2,171
2,172
2
2,174
2,175
2
2,177
2,178
2
2,180
2,181
2
2,183
2,184
2
2,186
2,187
2
2,189
2,190
2
2,192
2,193
2
2,195
2,196
2
2,198
2,199
2
2,201
2,202
2
2,204
2,205
2
2,207
2,208
2
2,210
2,211
2
2,213
2,214
2
2,216
2,217
2
2,219
2,220
2
2,222
2,223
2
2,225
2,226
2
2,228
2,229
2
2,231
2,232
2
2,234
2,235
2
2,237
2,238
2
2,240
2,241
2
2,243
2,244
2
2,246
2,247
2
2,249
2,250
2
2,252
2,253
2
2,255
2,256
2
2,258
2,259
2
3,292,298,301
3,297,295,288,374
3,300,290,377
3,376,286,373,294
3,291,289,263,359,261,287,299,285,262,296,293,360,260
3,380,309,303,383
3,310,381,305
3,307,384
3,302,362,267,306,308,266,265,304,361
3,314,391,321
3,322,388,319,316
3,312,318,390,387
3,320,311,270,364,315,317,269,271,313,363
3,334,331,328,395
3,333,394,397,324
3,330,326,398
3,365,332,273,325,327,366,275,329,323,274
3,402,338,345,343
3,340,405,346
3,401,336,342,404
3,279,337,368,335,277,278,367,339,341,344
3,412,352,355
3,408,348,411,357
3,358,409,354,350
3,369,351,283,356,347,281,353,370,349,282
4,286
4
4,288
4
4,290
4
4,292
4
4,294
4,295
4
4,297
4,298
4
4,300
4,301
4
4,303
4
4,305
4
4,307
4
4,309
4,310
4
4,312
4
4,314
4
4,316
4
4,318
4,319
4
4,321
4,322
4
4,324
4
4,326
4
4,328
4
4,330
4,331
4
4,333
4,334
4
4,336
4
4,338
4
4,340
4
4,342
4,343
4
4,345
4,346
4
4,348
4
4,350
4
4,352
4
4,354
4,355
4
4,357
4,358
4
5,371
5,375
5,378
5,382
5,385
5,389
5,392
5,396
5,399
5,403
5,406
5,410
6,372
6,373
6,374
6
6,376
6,377
6
6,379
6,380
6,381
6
6,383
6,384
6
6,386
6,387
6,388
6
6,390
6,391
6
6,393
6,394
6,395
6
6,397
6,398
6
6,400
6,401
6,402
6
6,404
6,405
6
6,407
6,408
6,409
6
6,411
6,412
6
13,337,302,313
13,304,306
14,200,245,293,176,386,143,251,194,227,212,233,344,137,146,182,254,197,209,215,173,317,140,191,134,152,218,221,329,236,155,164,116,393,353,167,203,149,119,185,403,128,230,320,242,131,372,382,224,179,375,239,332,308,257,410,125,158,206,248,161,379,188,122,170
13,291
14,400,389,396,407,356,341
14,299,296
13,287,339,315,289,327,351
13,347,323,335,311
13,285,325,349