0
0
0
0,68
0,77,53
0,59,95,101
0
0,56
0,65,89
0
0
0
0
0
0
0
0,73
0,85
0,70
0,52
0,103
0,106
0,94
0,97
0,100
0,82
0,61
0,58
0,88
0,79
0
0,76
0,55
0,67
0
0,91
0,64
0,104
0,92,107,62
0,80,83,98
0,74
0,86
0
0,71
0
0
0
0
0
0
0
2,52
2,53
2
2,55
2,56
2
2,58
2,59
2
2,61
2,62
2
2,64
2,65
2
2,67
2,68
2
2,70
2,71
2
2,73
2,74
2
2,76
2,77
2
2,79
2,80
2
2,82
2,83
2
2,85
2,86
2
2,88
2,89
2
2,91
2,92
2
2,94
2,95
2
2,97
2,98
2
2,100
2,101
2
2,103
2,104
2
2,106
2,107
2
3,146,149,140
3,145,143,136,222
3,148,138,225
3,224,134,221,142
3,139,137,111,207,109,135,133,147,110,144,141,208,108
3,228,151,231,157
3,158,229,153
3,155,232
3,150,210,115,154,156,114,113,152,209
3,169,162,239
3,236,167,170,164
3,160,166,238,235
3,168,159,118,212,163,165,117,119,161,211
3,182,176,179,243
3,181,245,172,242
3,178,174,246
3,213,180,121,173,175,214,123,177,171,122
3,250,186,193,191
3,253,188,194
3,249,184,190,252
3,127,216,183,125,126,215,185,187,189,192
3,260,200,203
3,256,196,259,205
3,206,257,202,198
3,217,204,195,129,201,130,199,218,131,197
4,134
4
4,136
4
4,138
4
4,140
4
4,142
4,143
4
4,145
4,146
4
4,148
4,149
4
4,151
4
4,153
4
4,155
4
4,157
4,158
4
4,160
4
4,162
4
4,164
4
4,166
4,167
4
4,169
4,170
4
4,172
4
4,174
4
4,176
4
4,178
4,179
4
4,181
4,182
4
4,184
4
4,186
4
4,188
4
4,190
4,191
4
4,193
4,194
4
4,196
4
4,198
4
4,200
4
4,202
4,203
4
4,205
4,206
4
5,219
5,223
5,226
5,230
5,233
5,237
5,240
5,244
5,247
5,251
5,254
5,258
6,220
6,221
6,222
6
6,224
6,225
6
6,227
6,228
6,229
6
6,231
6,232
6
6,234
6,235
6,236
6
6,238
6,239
6
6,241
6,242
6,243
6
6,245
6,246
6
6,248
6,249
6,250
6
6,252
6,253
6
6,255
6,256
6,257
6
6,259
6,260
6
13,150,185,161
13,152,154
14,141,234,241,78,99,201,102,192,72,81,220,165,75,69,87,177,90,51,84,54,251,63,168,66,230,223,180,156,258,60,93,96,227,57,105
13,139
14,248,237,204,244,255,189
14,147,144
13,135,187,163,137,175,199
13,195,159,171,183
13,133,173,197