0
0
0
0
0,221
0,107,161,170
0,110,164
0,125,128,158
0,134,104
0,122,224
0,167
0,152,179
0,194
0
0
0
0
0,137,188
0
0
0
0
0
0
0
0
0
0
0
0
0
0
0,106
0,154
0,178
0,151
0,205
0,220
0,208
0,160
0,172
0,169
0,157
0,142
0,127
0,202
0,190
0,136
0,217
0,115
0,163
0,124
0,193
0,196
0,214
0
0,121
0,109
0,181
0,223
0,103
0,187
0,139
0,130
0,148
0,133
0,166
0,184
0,199
0,145
0,112
0,118
0,175
0,211
0,212
0,215,191
0,206,116,197
0,218,176
0,200,149,140
0,146,185,155,113
0,203
0,182,143
0
0,119
0,173,131,209
0
0
0
0
0
0
0
0
0
0
0
0
0
0
0
0
0
2,103
2,104
2
2,106
2,107
2
2,109
2,110
2
2,112
2,113
2
2,115
2,116
2
2,118
2,119
2
2,121
2,122
2
2,124
2,125
2
2,127
2,128
2
2,130
2,131
2
2,133
2,134
2
2,136
2,137
2
2,139
2,140
2
2,142
2,143
2
2,145
2,146
2
2,148
2,149
2
2,151
2,152
2
2,154
2,155
2
2,157
2,158
2
2,160
2,161
2
2,163
2,164
2
2,166
2,167
2
2,169
2,170
2
2,172
2,173
2
2,175
2,176
2
2,178
2,179
2
2,181
2,182
2
2,184
2,185
2
2,187
2,188
2
2,190
2,191
2
2,193
2,194
2
2,196
2,197
2
2,199
2,200
2
2,202
2,203
2
2,205
2,206
2
2,208
2,209
2
2,211
2,212
2
2,214
2,215
2
2,217
2,218
2
2,220
2,221
2
2,223
2,224
2
3,257,263,266
3,262,260,253,339
3,265,255,342
3,251,338,341,259
3,325,256,254,228,324,226,252,264,250,227,261,258,225
3,345,274,268,348
3,275,346,270
3,272,349
3,267,327,232,271,273,231,230,269,326
3,279,286,356
3,353,284,287,281
3,277,283,355,352
3,285,276,235,329,280,282,234,236,278,328
3,299,293,296,360
3,359,298,362,289
3,295,291,363
3,330,297,238,290,292,331,240,294,288,239
3,367,303,310,308
3,305,370,311
3,369,366,301,307
3,244,302,333,300,242,243,332,304,306,309
3,377,317,320
3,373,313,376,322
3,323,374,319,315
3,334,316,321,314,312,246,318,335,248,247
4,251
4
4,253
4
4,255
4
4,257
4
4,259
4,260
4
4,262
4,263
4
4,265
4,266
4
4,268
4
4,270
4
4,272
4
4,274
4,275
4
4,277
4
4,279
4
4,281
4
4,283
4,284
4
4,286
4,287
4
4,289
4
4,291
4
4,293
4
4,295
4,296
4
4,298
4,299
4
4,301
4
4,303
4
4,305
4
4,307
4,308
4
4,310
4,311
4
4,313
4
4,315
4
4,317
4
4,319
4,320
4
4,322
4,323
4
5,336
5,340
5,343
5,347
5,350
5,354
5,357
5,361
5,364
5,368
5,371
5,375
6,337
6,338
6,339
6
6,341
6,342
6
6,344
6,345
6,346
6
6,348
6,349
6
6,351
6,352
6,353
6
6,355
6,356
6
6,358
6,359
6,360
6
6,362
6,363
6
6,365
6,366
6,367
6
6,369
6,370
6
6,372
6,373
6,374
6
6,376
6,377
6
13,267,278,302
13,269,271
14,258,162,351,129,153,180,213,198,219,309,123,132,168,183,195,201,337,159,126,177,120,138,204,207,294,222,141,150,186,102,358,318,189,135,105,171,368,114,216,285,117,347,210,165,340,282,297,273,375,111,144,192,147,344,174,108,156
13,256
14,365,354,321,361,372,306
14,264,261
13,252,304,280,254,292,316
13,312,276,288,300
13,250,290,314