0
0
0
0
0
0
0
0
0,284,332
0,338
0,470
0,296,335
0
0
0,422
0,401
0,275,413,311
0
0
0,314,395
0,452,248
0
0,443
0
0,299,293
0,434,344
0
0
0,416,245
0,449,368,362,278,254
0,356,263
0,320
0,233,482
0,374
0,491,350
0,380,428
0
0,461
0,446
0
0
0
0
0
0
0
0
0
0
0
0
0
0
0
0
0
0
0
0
0
0
0
0
0
0
0
0
0
0
0
0,376
0,292
0,325
0,436
0,496
0,400
0,301
0,418
0,253
0,439
0,295
0,316
0,331
0,235
0,460
0,259
0,424
0,241
0,238
0,394
0,250
0,445
0,385
0,490
0,397
0,406
0,433
0,442
0,415
0,226
0,430
0,283
0,361
0,373
0,265
0,310
0,247
0,412
0,484
0,289
0,274
0,448
0,355
0,349
0,478
0,382
0,403
0,487
0,391
0,367
0,409
0,463
0,319
0,370
0,388
0,475
0,271
0
0,364
0,469
0,421
0,352
0,286
0,451
0,472
0,313
0,337
0,340
0,229
0,454
0,493
0,304
0,268
0,328
0,244
0,334
0,298
0,379
0,307
0,256
0,277
0,466
0,481
0
0,232
0,358
0,346
0,262
0,427
0,343
0,280
0,457
0,322
0
0,410
0,485
0,407,467
0,329
0,440,242
0
0,227,431
0
0,479,392
0,230,269,251
0,419,287,236
0,257,260
0,323,281
0,458
0,347,365
0,341,455
0,239
0,386
0,476,437,464
0,425,302,308,488,497
0,359
0,272,326
0
0,290,404,377
0,353,371
0,305
0
0,266,494,398,473
0,389,317
0,383
0
0
0
0
0
0
0
0
0
0
0
0
0
0
0
0
0
0
0
0
0
0
0
0
0
0
0
0
0
0
0
2,226
2,227
2
2,229
2,230
2
2,232
2,233
2
2,235
2,236
2
2,238
2,239
2
2,241
2,242
2
2,244
2,245
2
2,247
2,248
2
2,250
2,251
2
2,253
2,254
2
2,256
2,257
2
2,259
2,260
2
2,262
2,263
2
2,265
2,266
2
2,268
2,269
2
2,271
2,272
2
2,274
2,275
2
2,277
2,278
2
2,280
2,281
2
2,283
2,284
2
2,286
2,287
2
2,289
2,290
2
2,292
2,293
2
2,295
2,296
2
2,298
2,299
2
2,301
2,302
2
2,304
2,305
2
2,307
2,308
2
2,310
2,311
2
2,313
2,314
2
2,316
2,317
2
2,319
2,320
2
2,322
2,323
2
2,325
2,326
2
2,328
2,329
2
2,331
2,332
2
2,334
2,335
2
2,337
2,338
2
2,340
2,341
2
2,343
2,344
2
2,346
2,347
2
2,349
2,350
2
2,352
2,353
2
2,355
2,356
2
2,358
2,359
2
2,361
2,362
2
2,364
2,365
2
2,367
2,368
2
2,370
2,371
2
2,373
2,374
2
2,376
2,377
2
2,379
2,380
2
2,382
2,383
2
2,385
2,386
2
2,388
2,389
2
2,391
2,392
2
2,394
2,395
2
2,397
2,398
2
2,400
2,401
2
2,403
2,404
2
2,406
2,407
2
2,409
2,410
2
2,412
2,413
2
2,415
2,416
2
2,418
2,419
2
2,421
2,422
2
2,424
2,425
2
2,427
2,428
2
2,430
2,431
2
2,433
2,434
2
2,436
2,437
2
2,439
2,440
2
2,442
2,443
2
2,445
2,446
2
2,448
2,449
2
2,451
2,452
2
2,454
2,455
2
2,457
2,458
2
2,460
2,461
2
2,463
2,464
2
2,466
2,467
2
2,469
2,470
2
2,472
2,473
2
2,475
2,476
2
2,478
2,479
2
2,481
2,482
2
2,484
2,485
2
2,487
2,488
2
2,490
2,491
2
2,493
2,494
2
2,496
2,497
2
3,530,536,539
3,535,533,526,612
3,538,528,615
3,614,524,611,532
3,598,529,527,501,597,525,537,523,499,500,534,531,498
3,618,547,541,621
3,548,619,543
3,545,622
3,503,540,505,544,546,504,542,599,600
3,552,629,559
3,560,557,626,554
3,550,556,628,625
3,558,549,508,602,553,551,555,507,509,601
3,572,566,569,633
3,571,632,635,562
3,568,564,636
3,567,561,603,570,511,563,513,512,565,604
3,640,576,583,581
3,643,578,584
3,639,574,580,642
3,517,575,606,573,515,516,605,582,579,577
3,650,590,593
3,646,586,649,595
3,596,647,592,588
3,607,589,585,519,591,594,608,521,587,520
4,524
4
4,526
4
4,528
4
4,530
4
4,532
4,533
4
4,535
4,536
4
4,538
4,539
4
4,541
4
4,543
4
4,545
4
4,547
4,548
4
4,550
4
4,552
4
4,554
4
4,556
4,557
4
4,559
4,560
4
4,562
4
4,564
4
4,566
4
4,568
4,569
4
4,571
4,572
4
4,574
4
4,576
4
4,578
4
4,580
4,581
4
4,583
4,584
4
4,586
4
4,588
4
4,590
4
4,592
4,593
4
4,595
4,596
4
5,609
5,613
5,616
5,620
5,623
5,627
5,630
5,634
5,637
5,641
5,644
5,648
6,610
6,611
6,612
6
6,614
6,615
6
6,617
6,618
6,619
6
6,621
6,622
6
6,624
6,625
6,626
6
6,628
6,629
6
6,631
6,632
6,633
6
6,635
6,636
6
6,638
6,639
6,640
6
6,642
6,643
6
6,645
6,646
6,647
6
6,649
6,650
6
13,540,575,551
13,542,544
14,591,354,531,285,252,273,420,486,243,360,276,303,336,429,405,321,342,582,246,255,291,348,363,396,474,318,324,624,610,282,555,249,300,465,435,411,483,468,384,327,462,330,345,453,264,261,456,567,309,477,225,489,631,441,372,312,306,258,471,378,228,294,417,375,390,444,339,558,351,240,620,438,333,288,450,495,613,414,570,546,399,459,366,432,357,648,234,267,641,315,423,270,369,387,480,426,393,492,402,617,297,447,237,231,381,408,279
13,529
14,638,627,594,634,645,579
14,537,534
13,525,565,577,553,527,589
13,573,585,549,561
13,523,563,587