0
0
0,61
0,73,67,64,55
0,88
0,85,70,76
0,46,82,58
0
0
0
0
0
0
0
0,81
0,72
0,69
0,60
0,78
0,93
0,75
0,51
0
0,66
0,54
0,84
0,45
0,87
0,63
0,57
0,90
0,48
0
0,52
0,79
0,91
0,49
0,94
0
0
0
0
0
0
2,45
2,46
2
2,48
2,49
2
2,51
2,52
2
2,54
2,55
2
2,57
2,58
2
2,60
2,61
2
2,63
2,64
2
2,66
2,67
2
2,69
2,70
2
2,72
2,73
2
2,75
2,76
2
2,78
2,79
2
2,81
2,82
2
2,84
2,85
2
2,87
2,88
2
2,90
2,91
2
2,93
2,94
2
3,127,133,136
3,132,130,123,209
3,135,125,212
3,211,208,121,129
3,124,98,194,96,122,120,134,97,131,126,128,195,95
3,215,144,138,218
3,145,216,140
3,142,219
3,137,197,102,141,143,101,100,139,196
3,156,149,226
3,223,154,157,151
3,147,153,225,222
3,155,146,105,199,150,152,104,106,148,198
3,169,163,166,230
3,168,232,159,229
3,165,161,233
3,200,108,167,160,162,201,110,164,158,109
3,237,173,180,178
3,175,240,181
3,236,171,177,239
3,114,172,203,170,113,202,174,176,179,112
3,247,187,190
3,243,183,246,192
3,193,244,189,185
3,204,186,191,182,116,188,117,205,118,184
4,121
4
4,123
4
4,125
4
4,127
4
4,129
4,130
4
4,132
4,133
4
4,135
4,136
4
4,138
4
4,140
4
4,142
4
4,144
4,145
4
4,147
4
4,149
4
4,151
4
4,153
4,154
4
4,156
4,157
4
4,159
4
4,161
4
4,163
4
4,165
4,166
4
4,168
4,169
4
4,171
4
4,173
4
4,175
4
4,177
4,178
4
4,180
4,181
4
4,183
4
4,185
4
4,187
4
4,189
4,190
4
4,192
4,193
4
5,206
5,210
5,213
5,217
5,220
5,224
5,227
5,231
5,234
5,238
5,241
5,245
6,207
6,208
6,209
6
6,211
6,212
6
6,214
6,215
6,216
6
6,218
6,219
6
6,221
6,222
6,223
6
6,225
6,226
6
6,228
6,229
6,230
6
6,232
6,233
6
6,235
6,236
6,237
6
6,239
6,240
6
6,242
6,243
6,244
6
6,246
6,247
6
13,172,137,148
13,139,141
14,128,221,228,71,92,188,179,65,74,207,152,68,62,80,164,83,44,77,47,238,56,155,59,217,210,167,143,245,53,86,89,214,50
13,126
14,235,224,191,231,242,176
14,134,131
13,122,174,150,124,162,186
13,182,146,158,170
13,120,160,184