0
0
0
0
0
0
0
0
0
0,479,497
0,323
0,329,296
0,278
0,461,407
0,341
0,275
0,443,311,500
0,326
0,338,257,380
0,491,350
0,245,467
0
0,368,281,374
0,344
0
0
0,365,383,269
0,266,248
0,422
0,290,377,389
0,335
0
0,476,464
0,392,236
0,452,398,431,302
0
0
0,425,434
0,356
0
0
0
0
0
0
0
0
0
0
0
0
0
0
0
0
0
0
0
0
0
0
0
0
0
0
0
0
0
0
0
0,466
0,388
0,400
0,304
0
0,469
0,490
0,403
0,325
0,499
0,379
0,463
0,475
0,487
0,478
0,349
0,415
0,253
0,364
0,274
0,391
0,361
0,328
0,439
0,454
0,436
0,286
0,412
0,241
0,484
0,337
0,355
0,343
0,385
0,250
0,262
0,430
0,295
0,367
0,340
0,256
0,427
0,235
0,457
0,322
0,280
0,370
0,445
0,289
0,292
0,226
0,397
0,229
0,238
0,409
0,352
0,496
0,277
0,310
0,418
0,442
0,421
0,298
0,451
0,268
0,331
0,373
0,316
0,448
0,244
0,382
0,301
0,319
0,481
0,232
0,259
0,313
0,493
0,307
0,460
0,334
0,433
0,346
0,271
0,472
0,283
0,358
0,406
0,247
0,376
0,424
0,265
0,394
0,488,251,485
0,404
0,413,362,314
0,446,470
0,305
0,353,347
0,473,320
0,371,284
0,272
0
0,440,449
0
0,317
0,401,416
0,482,233,395,332,299
0,287,428
0
0,230,239
0,437
0,308,455
0,359
0,293
0,260
0
0,458
0,386,410,494
0
0,419
0,254,242
0,227
0,263
0
0
0
0
0
0
0
0
0
0
0
0
0
0
0
0
0
0
0
0
0
0
0
0
0
0
0
0
0
0
0
2,226
2,227
2
2,229
2,230
2
2,232
2,233
2
2,235
2,236
2
2,238
2,239
2
2,241
2,242
2
2,244
2,245
2
2,247
2,248
2
2,250
2,251
2
2,253
2,254
2
2,256
2,257
2
2,259
2,260
2
2,262
2,263
2
2,265
2,266
2
2,268
2,269
2
2,271
2,272
2
2,274
2,275
2
2,277
2,278
2
2,280
2,281
2
2,283
2,284
2
2,286
2,287
2
2,289
2,290
2
2,292
2,293
2
2,295
2,296
2
2,298
2,299
2
2,301
2,302
2
2,304
2,305
2
2,307
2,308
2
2,310
2,311
2
2,313
2,314
2
2,316
2,317
2
2,319
2,320
2
2,322
2,323
2
2,325
2,326
2
2,328
2,329
2
2,331
2,332
2
2,334
2,335
2
2,337
2,338
2
2,340
2,341
2
2,343
2,344
2
2,346
2,347
2
2,349
2,350
2
2,352
2,353
2
2,355
2,356
2
2,358
2,359
2
2,361
2,362
2
2,364
2,365
2
2,367
2,368
2
2,370
2,371
2
2,373
2,374
2
2,376
2,377
2
2,379
2,380
2
2,382
2,383
2
2,385
2,386
2
2,388
2,389
2
2,391
2,392
2
2,394
2,395
2
2,397
2,398
2
2,400
2,401
2
2,403
2,404
2
2,406
2,407
2
2,409
2,410
2
2,412
2,413
2
2,415
2,416
2
2,418
2,419
2
2,421
2,422
2
2,424
2,425
2
2,427
2,428
2
2,430
2,431
2
2,433
2,434
2
2,436
2,437
2
2,439
2,440
2
2,442
2,443
2
2,445
2,446
2
2,448
2,449
2
2,451
2,452
2
2,454
2,455
2
2,457
2,458
2
2,460
2,461
2
2,463
2,464
2
2,466
2,467
2
2,469
2,470
2
2,472
2,473
2
2,475
2,476
2
2,478
2,479
2
2,481
2,482
2
2,484
2,485
2
2,487
2,488
2
2,490
2,491
2
2,493
2,494
2
2,496
2,497
2
2,499
2,500
2
3,539,542,533
3,538,536,529,615
3,541,531,618
3,617,527,614,535
3,601,532,530,504,502,528,540,526,537,501,600,534,503
3,621,550,544,624
3,622,546,551
3,548,625
3,543,508,603,547,549,507,506,545,602
3,562,555,632
3,557,629,560,563
3,553,628,631,559
3,561,552,511,605,556,510,512,604,554,558
3,575,572,569,636
3,565,574,635,638
3,571,567,639
3,606,570,568,566,607,516,573,514,564,515
3,643,579,586,584
3,581,646,587
3,642,577,583,645
3,520,578,609,576,608,585,582,519,580,518
3,653,596,593
3,649,652,589,598
3,599,650,595,591
3,610,592,524,597,590,588,522,594,611,523
4,527
4
4,529
4
4,531
4
4,533
4
4,535
4,536
4
4,538
4,539
4
4,541
4,542
4
4,544
4
4,546
4
4,548
4
4,550
4,551
4
4,553
4
4,555
4
4,557
4
4,559
4,560
4
4,562
4,563
4
4,565
4
4,567
4
4,569
4
4,571
4,572
4
4,574
4,575
4
4,577
4
4,579
4
4,581
4
4,583
4,584
4
4,586
4,587
4
4,589
4
4,591
4
4,593
4
4,595
4,596
4
4,598
4,599
4
5,612
5,616
5,619
5,623
5,626
5,630
5,633
5,637
5,640
5,644
5,647
5,651
6,613
6,614
6,615
6
6,617
6,618
6
6,620
6,621
6,622
6
6,624
6,625
6
6,627
6,628
6,629
6
6,631
6,632
6
6,634
6,635
6,636
6
6,638
6,639
6
6,641
6,642
6,643
6
6,645
6,646
6
6,648
6,649
6,650
6
6,652
6,653
6
13,543,578,554
13,545,547
14,285,450,273,420,486,360,594,276,303,417,405,321,342,585,246,354,291,651,534,363,396,306,474,318,324,627,255,282,558,249,498,300,465,411,483,468,384,243,261,327,252,429,462,330,570,345,453,264,456,381,309,477,225,489,634,372,312,258,471,378,228,294,375,390,480,237,444,339,561,351,240,613,623,438,333,288,495,616,348,414,573,336,549,399,459,441,366,432,234,267,644,315,357,423,435,270,369,387,426,393,492,402,620,297,447,231,408,279
13,532
14,641,637,630,597,648,582
14,540,537
13,528,580,556,530,568,592
13,576,564,552,588
13,526,566,590