0
0
0
0
0,204,192,237,171,243
0
0,186
0,222,183
0,141,213
0,240,135,195
0,162,132
0
0
0,138,114
0,144
0,159
0
0
0,153,147
0
0
0
0
0
0
0
0
0
0
0
0
0
0
0
0,155
0,137
0,236
0,125
0,185
0,215
0,209
0,119
0,200
0,128
0,140
0,233
0,218
0,158
0,227
0,191
0,224
0,152
0,122
0,212
0,161
0,221
0,164
0,143
0,182
0,146
0,176
0,173
0,149
0,242
0,188
0,194
0,230
0,131
0,179
0,134
0,239
0,110
0,167
0,203
0,116
0,170
0,197
0,206
0,113
0,165
0,189,168,174,111
0,231
0,234,156
0,129,225
0,126,180,201
0
0,198
0,120,228
0,219,210
0,207,117
0,150,216,123
0
0
0,177
0
0
0
0
0
0
0
0
0
0
0
0
0
0
0
2,110
2,111
2
2,113
2,114
2
2,116
2,117
2
2,119
2,120
2
2,122
2,123
2
2,125
2,126
2
2,128
2,129
2
2,131
2,132
2
2,134
2,135
2
2,137
2,138
2
2,140
2,141
2
2,143
2,144
2
2,146
2,147
2
2,149
2,150
2
2,152
2,153
2
2,155
2,156
2
2,158
2,159
2
2,161
2,162
2
2,164
2,165
2
2,167
2,168
2
2,170
2,171
2
2,173
2,174
2
2,176
2,177
2
2,179
2,180
2
2,182
2,183
2
2,185
2,186
2
2,188
2,189
2
2,191
2,192
2
2,194
2,195
2
2,197
2,198
2
2,200
2,201
2
2,203
2,204
2
2,206
2,207
2
2,209
2,210
2
2,212
2,213
2
2,215
2,216
2
2,218
2,219
2
2,221
2,222
2
2,224
2,225
2
2,227
2,228
2
2,230
2,231
2
2,233
2,234
2
2,236
2,237
2
2,239
2,240
2
2,242
2,243
2
3,276,282,285
3,281,279,272,358
3,274,284,361
3,270,360,357,278
3,344,275,273,247,343,245,271,283,269,280,277,246,244
3,364,293,287,367
3,294,365,289
3,291,368
3,249,286,251,346,290,292,250,288,345
3,305,298,375
3,372,303,306,300
3,296,302,374,371
3,295,304,254,348,299,301,253,255,297,347
3,318,312,315,379
3,317,378,381,308
3,314,310,382
3,349,316,257,309,311,350,259,258,313,307
3,386,322,327,329
3,389,324,330
3,385,320,326,388
3,263,321,352,319,261,262,351,323,325,328
3,396,336,339
3,392,332,395,341
3,342,393,338,334
3,353,340,331,265,337,335,354,267,333,266
4,270
4
4,272
4
4,274
4
4,276
4
4,278
4,279
4
4,281
4,282
4
4,284
4,285
4
4,287
4
4,289
4
4,291
4
4,293
4,294
4
4,296
4
4,298
4
4,300
4
4,302
4,303
4
4,305
4,306
4
4,308
4
4,310
4
4,312
4
4,314
4,315
4
4,317
4,318
4
4,320
4
4,322
4
4,324
4
4,326
4,327
4
4,329
4,330
4
4,332
4
4,334
4
4,336
4
4,338
4,339
4
4,341
4,342
4
5,355
5,359
5,362
5,366
5,369
5,373
5,376
5,380
5,383
5,387
5,390
5,394
6,356
6,357
6,358
6
6,360
6,361
6
6,363
6,364
6,365
6
6,367
6,368
6
6,370
6,371
6,372
6
6,374
6,375
6
6,377
6,378
6,379
6
6,381
6,382
6
6,384
6,385
6,386
6
6,388
6,389
6
6,391
6,392
6,393
6
6,395
6,396
6
13,286,321,297
13,288,290
14,238,277,169,370,136,187,220,205,226,328,130,139,175,190,202,208,356,166,301,133,127,145,211,214,229,148,157,313,193,109,377,337,160,196,142,112,178,387,121,223,304,235,124,366,217,172,359,232,316,292,184,394,118,151,199,241,154,363,181,115,163
13,275
14,384,373,340,380,391,325
14,283,280
13,271,323,299,273,311,335
13,331,295,307,319
13,269,309,333