0
0,57
0
0
0
0
0
0
0
0
0,63
0
0
0
0,51
0
0
0
0
0,54
0
0
0
0
0
0
0
0
0
0,60
0,62
0,59
0,56
0,53
0,50
0
0
0
0
0
0
0
0
0
0
0
0
0
0
2,50
2,51
2
2,53
2,54
2
2,56
2,57
2
2,59
2,60
2
2,62
2,63
2
3,96,102,105
3,99,92,101,178
3,94,181,104
3,177,180,90,98
3,103,164,66,89,100,95,93,67,97,65,163,64,91
3,187,113,107,184
3,185,109,114
3,188,111
3,108,110,112,166,70,165,69,106,71
3,118,195,125
3,123,126,120,192
3,122,194,116,191
3,124,115,74,117,73,167,121,168,119,75
3,132,135,138,199
3,137,201,128,198
3,134,202,130
3,79,127,77,169,133,78,129,131,136,170
3,147,149,206,142
3,144,209,150
3,208,205,140,146
3,143,145,82,148,172,171,139,83,141,81
3,159,216,156
3,212,152,161,215
3,158,154,162,213
3,87,157,160,173,86,155,174,85,151,153
4,90
4
4,92
4
4,94
4
4,96
4
4,98
4,99
4
4,101
4,102
4
4,104
4,105
4
4,107
4
4,109
4
4,111
4
4,113
4,114
4
4,116
4
4,118
4
4,120
4
4,122
4,123
4
4,125
4,126
4
4,128
4
4,130
4
4,132
4
4,134
4,135
4
4,137
4,138
4
4,140
4
4,142
4
4,144
4
4,146
4,147
4
4,149
4,150
4
4,152
4
4,154
4
4,156
4
4,158
4,159
4
4,161
4,162
4
5,175
5,179
5,182
5,186
5,189
5,193
5,196
5,200
5,203
5,207
5,210
5,214
6,176
6,177
6,178
6
6,180
6,181
6
6,183
6,184
6,185
6
6,187
6,188
6
6,190
6,191
6,192
6
6,194
6,195
6
6,197
6,198
6,199
6
6,201
6,202
6
6,204
6,205
6,206
6
6,208
6,209
6
6,211
6,212
6,213
6
6,215
6,216
6
13,106,141,117
13,108,110
14,49,58,176,121,197,97,190,183,52,207,214,61,124,133,186,179,148,55,136,157,112
13,95
14,204,145,200,193,211,160
14,100,103
13,91,143,93,131,119,155
13,151,127,139,115
13,129,89,153