0
0
0,34
0
0,49
0
0
0
0,40
0
0
0
0
0
0
0
0,43
0,46,37
0,48
0,45
0,42
0,39
0,36
0,33
0
0
0
0
0
0
0
0
2,33
2,34
2
2,36
2,37
2
2,39
2,40
2
2,42
2,43
2
2,45
2,46
2
2,48
2,49
2
3,82,88,91
3,85,78,87,164
3,80,90,167
3,163,166,76,84
3,89,150,52,75,86,81,79,53,83,51,149,50,77
3,173,99,93,170
3,171,95,100
3,174,97
3,94,96,98,152,56,151,55,92,57
3,104,181,111
3,109,112,106,178
3,108,180,102,177
3,110,101,60,154,103,59,153,107,105,61
3,118,121,124,185
3,123,187,114,184
3,120,188,116
3,65,113,63,155,119,64,115,117,122,156
3,133,135,192,128
3,130,195,136
3,194,191,126,132
3,129,131,68,134,158,157,125,69,127,67
3,145,202,142
3,147,198,201,138
3,144,148,140,199
3,73,146,159,72,141,143,160,71,137,139
4,76
4
4,78
4
4,80
4
4,82
4
4,84
4,85
4
4,87
4,88
4
4,90
4,91
4
4,93
4
4,95
4
4,97
4
4,99
4,100
4
4,102
4
4,104
4
4,106
4
4,108
4,109
4
4,111
4,112
4
4,114
4
4,116
4
4,118
4
4,120
4,121
4
4,123
4,124
4
4,126
4
4,128
4
4,130
4
4,132
4,133
4
4,135
4,136
4
4,138
4
4,140
4
4,142
4
4,144
4,145
4
4,147
4,148
4
5,161
5,165
5,168
5,172
5,175
5,179
5,182
5,186
5,189
5,193
5,196
5,200
6,162
6,163
6,164
6
6,166
6,167
6
6,169
6,170
6,171
6
6,173
6,174
6
6,176
6,177
6,178
6
6,180
6,181
6
6,183
6,184
6,185
6
6,187
6,188
6
6,190
6,191
6,192
6
6,194
6,195
6
6,197
6,198
6,199
6
6,201
6,202
6
13,92,127,103
13,94,96
14,32,41,162,107,83,176,169,35,183,193,200,44,119,47,172,165,134,38,122,110,143,98
13,81
14,146,190,197,131,186,179
14,86,89
13,77,129,79,117,105,141
13,137,113,125,101
13,115,75,139