0
0
0
0
0
0
0
0
0
0
0
0
0
0
0
0
0
0
0,102,108
0
0
0,120
0
0
0,114
0
0
0
0
0
0
0
0
0
0
0
0
0
0
0
0
0
0
0
0
0
0
0
0
0
0
0,117
0
0
0
0
0
0
0
0,111
0
0
0
0,105
0
0,119
0,116
0,113
0,110
0,107
0,104
0,101
0
0
0
0
0
0
0
0
0
0
0
0
0
0
0
0
0
0
0
0
0
0
0
0
0
0
0
0
2,101
2,102
2
2,104
2,105
2
2,107
2,108
2
2,110
2,111
2
2,113
2,114
2
2,116
2,117
2
2,119
2,120
2
3,153,159,162
3,156,149,158,235
3,151,161,238
3,234,237,147,155
3,160,221,123,146,157,152,150,124,154,122,220,121,148
3,244,170,164,241
3,242,166,171
3,245,168
3,223,165,167,169,127,222,126,163,128
3,175,252,182
3,180,183,177,249
3,179,251,173,248
3,181,172,131,174,130,224,178,225,176,132
3,189,192,195,256
3,194,258,185,255
3,191,259,187
3,226,136,184,134,193,190,135,227,188,186
3,204,263,199,206
3,201,266,207
3,265,262,197,203
3,200,202,139,205,229,228,196,140,198,138
3,216,273,213
3,209,218,269,272
3,215,219,211,270
3,214,144,217,230,143,212,231,142,208,210
4,147
4
4,149
4
4,151
4
4,153
4
4,155
4,156
4
4,158
4,159
4
4,161
4,162
4
4,164
4
4,166
4
4,168
4
4,170
4,171
4
4,173
4
4,175
4
4,177
4
4,179
4,180
4
4,182
4,183
4
4,185
4
4,187
4
4,189
4
4,191
4,192
4
4,194
4,195
4
4,197
4
4,199
4
4,201
4
4,203
4,204
4
4,206
4,207
4
4,209
4
4,211
4
4,213
4
4,215
4,216
4
4,218
4,219
4
5,232
5,236
5,239
5,243
5,246
5,250
5,253
5,257
5,260
5,264
5,267
5,271
6,233
6,234
6,235
6
6,237
6,238
6
6,240
6,241
6,242
6
6,244
6,245
6
6,247
6,248
6,249
6
6,251
6,252
6
6,254
6,255
6,256
6
6,258
6,259
6
6,261
6,262
6,263
6
6,265
6,266
6
6,268
6,269
6,270
6
6,272
6,273
6
13,163,198,174
13,165,167
14,100,109,233,178,254,247,118,240,103,264,112,181,190,115,243,236,205,106,193,271,214,169,154
13,152
14,217,261,202,257,250,268
14,157,160
13,148,200,150,188,176,212
13,208,184,196,172
13,186,146,210