0
0
0
0
0
0
0
0,304
0,280,322
0,220
0,331
0,340,394,373
0,202,379
0,256,193
0,325,223
0,250
0
0,283
0,310
0,238,346,289
0,199,187
0
0,313
0
0,355,298,241
0
0,403
0,307
0
0,361,208,406
0,277,367
0,274
0
0
0
0
0
0
0
0
0
0
0
0
0
0
0
0
0
0
0
0
0
0
0
0
0
0,249
0,315
0,189
0,339
0,405
0,360
0,186
0,363
0,234
0,399
0,357
0,324
0,342
0,300
0,252
0,270
0,384
0,330
0,267
0,309
0,183
0,198
0,222
0,390
0,231
0,225
0,396
0,318
0,285
0,351
0,336
0,369
0,312
0,297
0,195
0,303
0,291
0,381
0,240
0,279
0,255
0,378
0,213
0,243
0,345
0,237
0,333
0,375
0,327
0,288
0,273
0,354
0,258
0,282
0,321
0,348
0,192
0,264
0,276
0,393
0,372
0,246
0,204
0,216
0,294
0,306
0,261
0,207
0,402
0,366
0,201
0,387
0,219
0,228
0,210
0,214
0,217
0,184
0,358,244,295
0,382,262,385,292
0,397,268,235
0,265,211
0
0,196
0,316
0,229
0,205,226,391
0
0,319,247,328,343,400
0,190,259
0,286,370,334
0,376
0
0,364
0,349,388
0,352,301
0,337
0
0
0,253,232,271
0
0
0
0
0
0
0
0
0
0
0
0
0
0
0
0
0
0
0
0
0
0
0
0
0
2,183
2,184
2
2,186
2,187
2
2,189
2,190
2
2,192
2,193
2
2,195
2,196
2
2,198
2,199
2
2,201
2,202
2
2,204
2,205
2
2,207
2,208
2
2,210
2,211
2
2,213
2,214
2
2,216
2,217
2
2,219
2,220
2
2,222
2,223
2
2,225
2,226
2
2,228
2,229
2
2,231
2,232
2
2,234
2,235
2
2,237
2,238
2
2,240
2,241
2
2,243
2,244
2
2,246
2,247
2
2,249
2,250
2
2,252
2,253
2
2,255
2,256
2
2,258
2,259
2
2,261
2,262
2
2,264
2,265
2
2,267
2,268
2
2,270
2,271
2
2,273
2,274
2
2,276
2,277
2
2,279
2,280
2
2,282
2,283
2
2,285
2,286
2
2,288
2,289
2
2,291
2,292
2
2,294
2,295
2
2,297
2,298
2
2,300
2,301
2
2,303
2,304
2
2,306
2,307
2
2,309
2,310
2
2,312
2,313
2
2,315
2,316
2
2,318
2,319
2
2,321
2,322
2
2,324
2,325
2
2,327
2,328
2
2,330
2,331
2
2,333
2,334
2
2,336
2,337
2
2,339
2,340
2
2,342
2,343
2
2,345
2,346
2
2,348
2,349
2
2,351
2,352
2
2,354
2,355
2
2,357
2,358
2
2,360
2,361
2
2,363
2,364
2
2,366
2,367
2
2,369
2,370
2
2,372
2,373
2
2,375
2,376
2
2,378
2,379
2
2,381
2,382
2
2,384
2,385
2
2,387
2,388
2
2,390
2,391
2
2,393
2,394
2
2,396
2,397
2
2,399
2,400
2
2,402
2,403
2
2,405
2,406
2
3,445,448,439
3,444,442,435,521
3,447,437,524
3,523,433,520,441
3,434,436,410,506,507,432,446,438,408,409,443,440,407
3,527,456,450,530
3,528,452,457
3,454,531
3,412,508,449,414,509,453,455,413,451
3,461,538,468
3,535,466,469,463
3,459,534,465,537
3,467,417,458,511,462,464,416,418,510,460
3,481,475,478,542
3,471,480,541,544
3,477,473,545
3,476,512,479,420,472,474,513,422,421,470
3,549,485,490,492
3,552,487,493
3,483,489,551,548
3,426,515,482,424,425,514,484,488,491,486
3,559,499,502
3,555,495,558,504
3,505,556,501,497
3,516,503,496,494,428,500,498,517,430,429
4,433
4
4,435
4
4,437
4
4,439
4
4,441
4,442
4
4,444
4,445
4
4,447
4,448
4
4,450
4
4,452
4
4,454
4
4,456
4,457
4
4,459
4
4,461
4
4,463
4
4,465
4,466
4
4,468
4,469
4
4,471
4
4,473
4
4,475
4
4,477
4,478
4
4,480
4,481
4
4,483
4
4,485
4
4,487
4
4,489
4,490
4
4,492
4,493
4
4,495
4
4,497
4
4,499
4
4,501
4,502
4
4,504
4,505
4
5,518
5,522
5,525
5,529
5,532
5,536
5,539
5,543
5,546
5,550
5,553
5,557
6,519
6,520
6,521
6
6,523
6,524
6
6,526
6,527
6,528
6
6,530
6,531
6
6,533
6,534
6,535
6
6,537
6,538
6
6,540
6,541
6,542
6
6,544
6,545
6
6,547
6,548
6,549
6
6,551
6,552
6
6,554
6,555
6,556
6
6,558
6,559
6
13,449,484,460
13,451,453
14,311,242,245,209,230,377,317,500,233,260,293,386,362,522,278,299,491,203,212,248,440,320,353,263,275,281,533,239,464,206,257,392,368,341,200,218,284,476,302,221,395,287,338,266,182,540,329,269,215,335,185,251,374,332,347,194,401,296,308,197,519,529,290,305,371,479,455,356,398,323,389,557,191,224,550,272,314,380,227,326,344,383,350,359,526,254,404,188,467,365,236
13,438
14,547,536,503,543,554,488
14,446,443
13,434,474,486,462,436,498
13,494,470,482,458
13,472,496,432