0
0
0
0
0
0,280,205
0
0,253,268
0,157,184,202
0,235,187
0,292,259
0,289
0,142,226
0
0
0,136,163
0,172,211,154
0,217
0,262,139
0
0,214,169
0
0,229,208,241,256
0
0
0
0
0
0
0
0
0
0
0
0
0
0
0
0
0
0
0,135
0,141
0,183
0,231
0,174
0,198
0,207
0,189
0,246
0,258
0,216
0,201
0,282
0,147
0,291
0,138
0,171
0,267
0,213
0,219
0,144
0,150
0,153
0,276
0,168
0,249
0,210
0,156
0,243
0,192
0,228
0,261
0,264
0,132
0,195
0,279
0,159
0,177
0,222
0,186
0,165
0,240
0,252
0,225
0,273
0,270
0,255
0,288
0,234
0,204
0,180
0,285
0,162
0,237
0,166
0,190,274,238
0,247
0,151,133
0,196
0
0,265,271,181
0
0
0,244,145
0,199,223
0,175
0
0,286,277
0,193
0,220,232,250
0,160,148,283
0,178
0
0
0
0
0
0
0
0
0
0
0
0
0
0
0
0
0
0
2,132
2,133
2
2,135
2,136
2
2,138
2,139
2
2,141
2,142
2
2,144
2,145
2
2,147
2,148
2
2,150
2,151
2
2,153
2,154
2
2,156
2,157
2
2,159
2,160
2
2,162
2,163
2
2,165
2,166
2
2,168
2,169
2
2,171
2,172
2
2,174
2,175
2
2,177
2,178
2
2,180
2,181
2
2,183
2,184
2
2,186
2,187
2
2,189
2,190
2
2,192
2,193
2
2,195
2,196
2
2,198
2,199
2
2,201
2,202
2
2,204
2,205
2
2,207
2,208
2
2,210
2,211
2
2,213
2,214
2
2,216
2,217
2
2,219
2,220
2
2,222
2,223
2
2,225
2,226
2
2,228
2,229
2
2,231
2,232
2
2,234
2,235
2
2,237
2,238
2
2,240
2,241
2
2,243
2,244
2
2,246
2,247
2
2,249
2,250
2
2,252
2,253
2
2,255
2,256
2
2,258
2,259
2
2,261
2,262
2
2,264
2,265
2
2,267
2,268
2
2,270
2,271
2
2,273
2,274
2
2,276
2,277
2
2,279
2,280
2
2,282
2,283
2
2,285
2,286
2
2,288
2,289
2
2,291
2,292
2
3,325,331,334
3,330,328,321,407
3,333,323,410
3,409,319,406,327
3,393,324,322,296,392,294,320,332,318,295,329,326,293
3,413,342,336,416
3,343,414,338
3,417,340
3,335,300,395,339,341,299,298,337,394
3,347,424,354
3,421,352,355,349
3,345,351,423,420
3,353,344,303,397,348,302,304,396,346,350
3,367,361,364,428
3,366,427,430,357
3,363,359,431
3,356,398,365,306,358,360,399,308,307,362
3,435,371,376,378
3,438,373,379
3,434,369,375,437
3,312,401,368,311,400,370,374,377,372,310
3,445,385,388
3,441,381,444,390
3,391,442,387,383
3,402,384,389,380,314,386,403,316,382,315
4,319
4
4,321
4
4,323
4
4,325
4
4,327
4,328
4
4,330
4,331
4
4,333
4,334
4
4,336
4
4,338
4
4,340
4
4,342
4,343
4
4,345
4
4,347
4
4,349
4
4,351
4,352
4
4,354
4,355
4
4,357
4
4,359
4
4,361
4
4,363
4,364
4
4,366
4,367
4
4,369
4
4,371
4
4,373
4
4,375
4,376
4
4,378
4,379
4
4,381
4
4,383
4
4,385
4
4,387
4,388
4
4,390
4,391
4
5,404
5,408
5,411
5,415
5,418
5,422
5,425
5,429
5,432
5,436
5,439
5,443
6,405
6,406
6,407
6
6,409
6,410
6
6,412
6,413
6,414
6
6,416
6,417
6
6,419
6,420
6,421
6
6,423
6,424
6
6,426
6,427
6,428
6
6,430
6,431
6
6,433
6,434
6,435
6
6,437
6,438
6
6,440
6,441
6,442
6
6,444
6,445
6
13,335,370,346
13,337,339
14,415,260,326,191,419,194,158,266,386,182,209,242,227,248,377,152,197,269,212,224,230,161,405,188,155,206,290,149,167,233,236,362,251,170,179,287,215,131,426,278,218,164,134,200,281,436,284,245,353,257,146,239,408,350,254,365,341,272,443,140,173,221,263,176,275,412,203,143,137,185
13,324
14,433,422,389,429,440,374
14,332,329
13,320,372,348,322,360,384
13,380,344,356,368
13,318,358,382