0
0
0
0
0
0
0,246,303,291
0
0
0,273
0,300,198
0
0,204,279,228,219
0,354,183,192,270
0
0,324,336
0
0,342,330
0,180,264,162
0
0
0,339
0,282
0,222,216
0,351,357,168
0,321
0
0,276,174,297
0
0
0
0
0
0
0
0
0
0
0
0
0
0
0
0
0
0
0
0
0
0
0,353
0,326
0,332
0,218
0,242
0,347
0,206
0,257
0,272
0,170
0,224
0,200
0,341
0,320
0,314
0,296
0,179
0,182
0,185
0,350
0,305
0,245
0,299
0,302
0,293
0,338
0,284
0,323
0,275
0,212
0,197
0,194
0,236
0,254
0,221
0,233
0,188
0,356
0,248
0,176
0,239
0,344
0,317
0,164
0,203
0,278
0,251
0,281
0,269
0,215
0,209
0,173
0,287
0,329
0,311
0,335
0,161
0,167
0,191
0,227
0,266
0,230
0,290
0,263
0,260
0,308
0,312
0,207
0,318
0
0,315
0,309,234
0,243
0,225,327
0,345,213
0,195
0,231
0,258
0,189,261
0,252,294,285
0,348
0
0,210
0,201,333,165
0,255
0,306,237,186,249,240,177,267
0,288
0,171
0
0
0
0
0
0
0
0
0
0
0
0
0
0
0
0
0
0
0
0
0
0
2,161
2,162
2
2,164
2,165
2
2,167
2,168
2
2,170
2,171
2
2,173
2,174
2
2,176
2,177
2
2,179
2,180
2
2,182
2,183
2
2,185
2,186
2
2,188
2,189
2
2,191
2,192
2
2,194
2,195
2
2,197
2,198
2
2,200
2,201
2
2,203
2,204
2
2,206
2,207
2
2,209
2,210
2
2,212
2,213
2
2,215
2,216
2
2,218
2,219
2
2,221
2,222
2
2,224
2,225
2
2,227
2,228
2
2,230
2,231
2
2,233
2,234
2
2,236
2,237
2
2,239
2,240
2
2,242
2,243
2
2,245
2,246
2
2,248
2,249
2
2,251
2,252
2
2,254
2,255
2
2,257
2,258
2
2,260
2,261
2
2,263
2,264
2
2,266
2,267
2
2,269
2,270
2
2,272
2,273
2
2,275
2,276
2
2,278
2,279
2
2,281
2,282
2
2,284
2,285
2
2,287
2,288
2
2,290
2,291
2
2,293
2,294
2
2,296
2,297
2
2,299
2,300
2
2,302
2,303
2
2,305
2,306
2
2,308
2,309
2
2,311
2,312
2
2,314
2,315
2
2,317
2,318
2
2,320
2,321
2
2,323
2,324
2
2,326
2,327
2
2,329
2,330
2
2,332
2,333
2
2,335
2,336
2
2,338
2,339
2
2,341
2,342
2
2,344
2,345
2
2,347
2,348
2
2,350
2,351
2
2,353
2,354
2
2,356
2,357
2
3,396,399,390
3,395,393,386,472
3,398,388,475
3,474,384,471,392
3,458,389,387,361,457,359,385,383,397,360,394,391,358
3,478,407,401,481
3,479,403,408
3,405,482
3,400,365,460,404,406,364,363,402,459
3,412,489,419
3,486,417,420,414
3,410,416,488,485
3,418,409,462,413,415,367,369,368,461,411
3,432,426,429,493
3,492,431,495,422
3,428,424,496
3,463,430,371,423,425,464,373,427,421,372
3,436,443,500,441
3,503,438,444
3,434,440,502,499
3,377,433,435,466,375,376,465,439,442,437
3,510,450,453
3,446,506,509,455
3,456,507,452,448
3,467,449,454,445,379,468,381,447,451,380
4,384
4
4,386
4
4,388
4
4,390
4
4,392
4,393
4
4,395
4,396
4
4,398
4,399
4
4,401
4
4,403
4
4,405
4
4,407
4,408
4
4,410
4
4,412
4
4,414
4
4,416
4,417
4
4,419
4,420
4
4,422
4
4,424
4
4,426
4
4,428
4,429
4
4,431
4,432
4
4,434
4
4,436
4
4,438
4
4,440
4,441
4
4,443
4,444
4
4,446
4
4,448
4
4,450
4
4,452
4,453
4
4,455
4,456
4
5,469
5,473
5,476
5,480
5,483
5,487
5,490
5,494
5,497
5,501
5,504
5,508
6,470
6,471
6,472
6
6,474
6,475
6
6,477
6,478
6,479
6
6,481
6,482
6
6,484
6,485
6,486
6
6,488
6,489
6
6,491
6,492
6,493
6
6,495
6,496
6
6,498
6,499
6,500
6
6,502
6,503
6
6,505
6,506
6,507
6
6,509
6,510
6
13,400,435,411
13,402,404
14,289,391,484,223,187,355,295,451,211,238,271,340,256,277,442,181,190,226,298,331,241,253,259,470,217,415,184,235,346,319,178,196,262,220,265,427,280,199,208,244,160,491,307,247,193,313,163,229,352,310,172,274,286,175,480,268,473,501,283,349,430,406,334,301,508,169,202,325,250,292,205,304,322,328,337,477,232,166,316,418,343,214
13,389
14,498,487,454,494,505,439
14,397,394
13,385,437,413,387,425,449
13,445,409,421,433
13,383,423,447