0
0
0,76
0
0,73,70,88,64
0,85,67,52,58
0,49,46
0
0
0
0
0
0
0
0,84
0,48
0,54
0,87
0,81
0,57
0,78
0,69
0,60
0,63
0,90
0,72
0,75
0
0,45
0,66
0
0,51
0
0,55
0,91,82
0,61
0,79
0
0
0
0
0
0
0
2,45
2,46
2
2,48
2,49
2
2,51
2,52
2
2,54
2,55
2
2,57
2,58
2
2,60
2,61
2
2,63
2,64
2
2,66
2,67
2
2,69
2,70
2
2,72
2,73
2
2,75
2,76
2
2,78
2,79
2
2,81
2,82
2
2,84
2,85
2
2,87
2,88
2
2,90
2,91
2
3,124,130,133
3,120,127,129,206
3,122,132,209
3,205,208,118,126
3,131,192,94,117,128,123,121,95,125,93,191,92,119
3,215,141,135,212
3,213,137,142
3,216,139
3,138,140,136,194,98,193,97,134,99
3,146,223,153
3,151,154,148,220
3,150,222,144,219
3,143,147,152,102,196,145,195,149,101,103
3,160,163,166,227
3,165,229,226,156
3,162,230,158
3,107,161,155,105,197,106,157,159,164,198
3,175,177,234,170
3,172,237,178
3,233,174,236,168
3,171,199,173,167,110,176,200,111,169,109
3,187,244,184
3,180,189,240,243
3,186,182,190,241
3,185,201,114,115,202,183,113,179,188,181
4,118
4
4,120
4
4,122
4
4,124
4
4,126
4,127
4
4,129
4,130
4
4,132
4,133
4
4,135
4
4,137
4
4,139
4
4,141
4,142
4
4,144
4
4,146
4
4,148
4
4,150
4,151
4
4,153
4,154
4
4,156
4
4,158
4
4,160
4
4,162
4,163
4
4,165
4,166
4
4,168
4
4,170
4
4,172
4
4,174
4,175
4
4,177
4,178
4
4,180
4
4,182
4
4,184
4
4,186
4,187
4
4,189
4,190
4
5,203
5,207
5,210
5,214
5,217
5,221
5,224
5,228
5,231
5,235
5,238
5,242
6,204
6,205
6,206
6
6,208
6,209
6
6,211
6,212
6,213
6
6,215
6,216
6
6,218
6,219
6,220
6
6,222
6,223
6
6,225
6,226
6,227
6
6,229
6,230
6
6,232
6,233
6,234
6
6,236
6,237
6
6,239
6,240
6,241
6
6,243
6,244
6
13,134,169,145
13,136,138
14,44,53,204,86,149,225,68,125,89,71,62,77,80,211,47,235,242,56,176,152,161,59,214,218,207,83,65,50,164,74,185,140
13,123
14,188,228,232,239,173,221
14,128,131
13,119,171,121,159,147,183
13,179,155,167,143
13,181,117,157