0
0
0
0
0
0,238
0,250
0,247
0,148,241,181
0
0
0,193
0
0,160
0,166
0
0,142,163
0,178,220,187,127,244,202
0,208,172,253,235
0,184
0
0
0
0
0
0
0
0
0
0
0
0
0
0
0
0
0,171
0,234
0
0,141
0,189
0,252
0,249
0,222
0,159
0,207
0,123
0,162
0,195
0,231
0,210
0,174
0,135
0,201
0,147
0,243
0,216
0,153
0,165
0,186
0
0,192
0,219
0,129
0,198
0,204
0,150
0,240
0,117
0,168
0,156
0,132
0,126
0,228
0,144
0,237
0,183
0,180
0,246
0,120
0,225
0,213
0,138
0,177
0,205
0
0,130,217,157
0,133
0,139,214
0,196
0
0
0
0,190,175
0,226,229
0,151,199,169
0
0,118,154,136,124
0,223,121,232
0,211,145
0
0
0
0
0
0
0
0
0
0
0
0
0
0
0
0
2,117
2,118
2
2,120
2,121
2
2,123
2,124
2
2,126
2,127
2
2,129
2,130
2
2,132
2,133
2
2,135
2,136
2
2,138
2,139
2
2,141
2,142
2
2,144
2,145
2
2,147
2,148
2
2,150
2,151
2
2,153
2,154
2
2,156
2,157
2
2,159
2,160
2
2,162
2,163
2
2,165
2,166
2
2,168
2,169
2
2,171
2,172
2
2,174
2,175
2
2,177
2,178
2
2,180
2,181
2
2,183
2,184
2
2,186
2,187
2
2,189
2,190
2
2,192
2,193
2
2,195
2,196
2
2,198
2,199
2
2,201
2,202
2
2,204
2,205
2
2,207
2,208
2
2,210
2,211
2
2,213
2,214
2
2,216
2,217
2
2,219
2,220
2
2,222
2,223
2
2,225
2,226
2
2,228
2,229
2
2,231
2,232
2
2,234
2,235
2
2,237
2,238
2
2,240
2,241
2
2,243
2,244
2
2,246
2,247
2
2,249
2,250
2
2,252
2,253
2
3,292,295,286
3,291,282,289,368
3,294,284,371
3,370,280,367,288
3,354,285,283,257,353,255,281,293,279,256,290,287,254
3,374,303,297,377
3,304,375,299
3,301,378
3,296,356,261,300,302,260,259,298,355
3,315,308,385
3,382,313,316,310
3,306,312,384,381
3,314,305,264,358,309,311,263,265,307,357
3,328,322,325,389
3,327,388,391,318
3,324,320,392
3,359,326,267,319,321,360,269,323,317,268
3,396,332,339,337
3,399,334,340
3,395,330,336,398
3,273,331,329,271,272,361,333,362,335,338
3,406,346,349
3,402,342,405,351
3,352,403,348,344
3,363,345,350,341,275,347,364,277,343,276
4,280
4
4,282
4
4,284
4
4,286
4
4,288
4,289
4
4,291
4,292
4
4,294
4,295
4
4,297
4
4,299
4
4,301
4
4,303
4,304
4
4,306
4
4,308
4
4,310
4
4,312
4,313
4
4,315
4,316
4
4,318
4
4,320
4
4,322
4
4,324
4,325
4
4,327
4,328
4
4,330
4
4,332
4
4,334
4
4,336
4,337
4
4,339
4,340
4
4,342
4
4,344
4
4,346
4
4,348
4,349
4
4,351
4,352
4
5,365
5,369
5,372
5,376
5,379
5,383
5,386
5,390
5,393
5,397
5,400
5,404
6,366
6,367
6,368
6
6,370
6,371
6
6,373
6,374
6,375
6
6,377
6,378
6
6,380
6,381
6,382
6
6,384
6,385
6
6,387
6,388
6,389
6
6,391
6,392
6
6,394
6,395
6,396
6
6,398
6,399
6
6,401
6,402
6,403
6
6,405
6,406
6
13,296,331,307
13,298,300
14,245,176,380,143,164,251,347,167,194,227,212,233,338,137,146,182,287,197,209,215,366,173,311,140,191,134,152,218,221,323,236,155,200,116,387,203,149,119,185,397,128,230,314,242,131,376,224,179,158,369,239,326,302,404,125,206,248,161,373,188,122,170
13,285
14,394,383,350,390,401,335
14,293,290
13,281,333,309,283,321,345
13,341,305,317,329
13,279,319,343