0
0
0,39
0,66,51
0,69
0,54
0,72
0
0
0
0
0
0,47
0,41
0,56
0
0,74
0,44
0,38
0,65
0,62
0,68
0
0,50
0,71
0,53
0,59
0,63,60
0,75
0,42
0,57
0,48,45
0
0
0
0
0
2,38
2,39
2
2,41
2,42
2
2,44
2,45
2
2,47
2,48
2
2,50
2,51
2
2,53
2,54
2
2,56
2,57
2
2,59
2,60
2
2,62
2,63
2
2,65
2,66
2
2,68
2,69
2
2,71
2,72
2
2,74
2,75
2
3,108,117,114
3,111,104,113,190
3,106,116,193
3,189,192,102,110
3,115,176,101,112,107,105,79,109,77,175,78,76,103
3,199,125,119,196
3,197,121,126
3,123,200
3,120,122,124,178,82,177,81,118,83
3,130,207,137
3,135,132,204,138
3,134,206,128,203
3,136,127,86,129,85,179,133,180,131,87
3,147,150,144,211
3,149,213,140,210
3,214,146,142
3,91,139,89,181,145,90,141,182,143,148
3,159,161,218,154
3,156,221,162
3,220,217,152,158
3,155,157,184,94,160,183,93,151,95,153
3,171,228,168
3,164,173,224,227
3,170,174,166,225
3,99,172,185,186,98,167,169,97,163,165
4,102
4
4,104
4
4,106
4
4,108
4
4,110
4,111
4
4,113
4,114
4
4,116
4,117
4
4,119
4
4,121
4
4,123
4
4,125
4,126
4
4,128
4
4,130
4
4,132
4
4,134
4,135
4
4,137
4,138
4
4,140
4
4,142
4
4,144
4
4,146
4,147
4
4,149
4,150
4
4,152
4
4,154
4
4,156
4
4,158
4,159
4
4,161
4,162
4
4,164
4
4,166
4
4,168
4
4,170
4,171
4
4,173
4,174
4
5,187
5,191
5,194
5,198
5,201
5,205
5,208
5,212
5,215
5,219
5,222
5,226
6,188
6,189
6,190
6
6,192
6,193
6
6,195
6,196
6,197
6
6,199
6,200
6
6,202
6,203
6,204
6
6,206
6,207
6
6,209
6,210
6,211
6
6,213
6,214
6
6,216
6,217
6,218
6
6,220
6,221
6
6,223
6,224
6,225
6
6,227
6,228
6
13,118,153,129
13,120,122
14,202,37,46,188,133,209,61,109,64,55,70,73,195,40,219,226,49,136,145,52,198,191,160,43,58,148,67,169,124
13,107
14,172,216,157,212,205,223
14,112,115
13,103,155,105,131,143,167
13,163,139,151,127
13,141,101,165