0
0
0
0
0
0
0,176,218,347
0,275,290,311
0,284
0
0,242,269
0,362
0,197,263
0,209
0
0
0,281,383
0,215,230
0,257
0
0,185
0,182,233,272
0,374,203
0,350,299,293
0,254
0,188,239,251
0
0,236,287,380
0,368,206,323
0,359
0
0
0
0
0
0
0
0
0
0
0
0
0
0
0
0
0
0
0
0
0
0
0
0
0,340
0,175
0,373
0,322
0,280
0
0,379
0,178
0,325
0,265
0,229
0,331
0,283
0,199
0,271
0,307
0,349
0,217
0,328
0,247
0,241
0,346
0,196
0,238
0,295
0,382
0,361
0,187
0,286
0,244
0,274
0,310
0,313
0,211
0,235
0,376
0,223
0,277
0,220
0,184
0,259
0,337
0,205
0,256
0,367
0,352
0,355
0,364
0,316
0,226
0,304
0,358
0,181
0,319
0,301
0,289
0,232
0,250
0,343
0,214
0,202
0,370
0,268
0,253
0
0,193
0,298
0,292
0,334
0,262
0,208
0,190
0,371,329,320
0,191
0,365
0,326
0,302,353,296
0,179
0,260,266,344,194
0,341
0
0,356
0,278
0,200,248
0,224,305,221
0
0,332,212
0
0,314
0
0,335,227,317
0
0,245,377
0,308
0,338
0
0
0
0
0
0
0
0
0
0
0
0
0
0
0
0
0
0
0
0
0
0
0
0
0
2,175
2,176
2
2,178
2,179
2
2,181
2,182
2
2,184
2,185
2
2,187
2,188
2
2,190
2,191
2
2,193
2,194
2
2,196
2,197
2
2,199
2,200
2
2,202
2,203
2
2,205
2,206
2
2,208
2,209
2
2,211
2,212
2
2,214
2,215
2
2,217
2,218
2
2,220
2,221
2
2,223
2,224
2
2,226
2,227
2
2,229
2,230
2
2,232
2,233
2
2,235
2,236
2
2,238
2,239
2
2,241
2,242
2
2,244
2,245
2
2,247
2,248
2
2,250
2,251
2
2,253
2,254
2
2,256
2,257
2
2,259
2,260
2
2,262
2,263
2
2,265
2,266
2
2,268
2,269
2
2,271
2,272
2
2,274
2,275
2
2,277
2,278
2
2,280
2,281
2
2,283
2,284
2
2,286
2,287
2
2,289
2,290
2
2,292
2,293
2
2,295
2,296
2
2,298
2,299
2
2,301
2,302
2
2,304
2,305
2
2,307
2,308
2
2,310
2,311
2
2,313
2,314
2
2,316
2,317
2
2,319
2,320
2
2,322
2,323
2
2,325
2,326
2
2,328
2,329
2
2,331
2,332
2
2,334
2,335
2
2,337
2,338
2
2,340
2,341
2
2,343
2,344
2
2,346
2,347
2
2,349
2,350
2
2,352
2,353
2
2,355
2,356
2
2,358
2,359
2
2,361
2,362
2
2,364
2,365
2
2,367
2,368
2
2,370
2,371
2
2,373
2,374
2
2,376
2,377
2
2,379
2,380
2
2,382
2,383
2
3,416,425,422
3,421,419,412,498
3,424,414,501
3,500,410,497,418
3,484,415,387,483,385,411,423,413,409,386,420,417,384
3,504,433,427,507
3,505,429,434
3,431,508
3,389,426,391,486,430,432,390,428,485
3,438,515,445
3,512,443,446,440
3,436,442,514,511
3,444,435,394,488,439,441,393,395,437,487
3,458,452,455,519
3,457,518,521,448
3,454,450,522
3,489,456,449,451,490,399,398,453,397,447
3,526,462,467,469
3,529,470,464
3,525,460,466,528
3,403,492,459,401,402,491,461,465,468,463
3,536,476,479
3,532,472,535,481
3,482,533,478,474
3,493,406,475,405,471,477,480,494,407,473
4,410
4
4,412
4
4,414
4
4,416
4
4,418
4,419
4
4,421
4,422
4
4,424
4,425
4
4,427
4
4,429
4
4,431
4
4,433
4,434
4
4,436
4
4,438
4
4,440
4
4,442
4,443
4
4,445
4,446
4
4,448
4
4,450
4
4,452
4
4,454
4,455
4
4,457
4,458
4
4,460
4
4,462
4
4,464
4
4,466
4,467
4
4,469
4,470
4
4,472
4
4,474
4
4,476
4
4,478
4,479
4
4,481
4,482
4
5,495
5,499
5,502
5,506
5,509
5,513
5,516
5,520
5,523
5,527
5,530
5,534
6,496
6,497
6,498
6
6,500
6,501
6
6,503
6,504
6,505
6
6,507
6,508
6
6,510
6,511
6,512
6
6,514
6,515
6
6,517
6,518
6,519
6
6,521
6,522
6
6,524
6,525
6,526
6
6,528
6,529
6
6,531
6,532
6,533
6
6,535
6,536
6
13,426,461,437
13,428,430
14,303,417,234,510,201,318,222,369,309,225,444,252,366,285,378,336,354,499,270,468,195,291,204,240,312,345,255,456,267,273,496,231,441,198,249,360,333,192,210,276,279,453,294,213,330,258,174,517,477,321,381,261,207,315,327,177,243,324,339,186,288,300,189,506,282,237,297,363,432,348,216,534,183,527,264,306,372,219,375,342,351,503,246,180,357,228
13,415
14,524,480,520,531,513,465
14,423,420
13,411,413,463,439,451,475
13,471,435,447,459
13,449,473,409