0
0
0
0,82
0,178,85
0,103,154
0,151
0,91,169
0,94
0,100
0,133,97
0,106
0,172
0,124,148,121
0
0
0
0
0
0
0
0
0
0
0
0,165
0,120
0,168
0,141
0,156
0,105
0,114
0,138
0,150
0,99
0,135
0,90
0,174
0,93
0,81
0,96
0,132
0,162
0,147
0,171
0,144
0,129
0,108
0,159
0,84
0,111
0,117
0,177
0,102
0,87
0,126
0,123
0,153
0,109
0,160,175,145,112
0,163
0
0,88
0,166
0,118,157
0,136
0,130
0,127
0,115,139,142
0
0
0
0
0
0
0
0
0
0
0
2,81
2,82
2
2,84
2,85
2
2,87
2,88
2
2,90
2,91
2
2,93
2,94
2
2,96
2,97
2
2,99
2,100
2
2,102
2,103
2
2,105
2,106
2
2,108
2,109
2
2,111
2,112
2
2,114
2,115
2
2,117
2,118
2
2,120
2,121
2
2,123
2,124
2
2,126
2,127
2
2,129
2,130
2
2,132
2,133
2
2,135
2,136
2
2,138
2,139
2
2,141
2,142
2
2,144
2,145
2
2,147
2,148
2
2,150
2,151
2
2,153
2,154
2
2,156
2,157
2
2,159
2,160
2
2,162
2,163
2
2,165
2,166
2
2,168
2,169
2
2,171
2,172
2
2,174
2,175
2
2,177
2,178
2
3,211,217,220
3,216,214,207,293
3,219,209,296
3,295,205,292,213
3,208,182,278,180,206,218,204,181,215,210,212,279,179
3,299,228,222,302
3,229,300,224
3,226,303
3,221,186,281,225,227,185,184,223,280
3,240,233,310
3,241,307,238,235
3,231,237,309,306
3,239,230,189,283,234,236,188,190,232,282
3,253,247,250,314
3,252,316,243,313
3,249,245,317
3,284,251,192,244,246,285,194,248,242,193
3,321,257,262,264
3,324,259,265
3,323,261,320,255
3,198,256,287,254,196,197,286,258,260,263
3,331,271,274
3,327,267,330,276
3,277,328,273,269
3,288,270,275,266,200,272,289,202,268,201
4,205
4
4,207
4
4,209
4
4,211
4
4,213
4,214
4
4,216
4,217
4
4,219
4,220
4
4,222
4
4,224
4
4,226
4
4,228
4,229
4
4,231
4
4,233
4
4,235
4
4,237
4,238
4
4,240
4,241
4
4,243
4
4,245
4
4,247
4
4,249
4,250
4
4,252
4,253
4
4,255
4
4,257
4
4,259
4
4,261
4,262
4
4,264
4,265
4
4,267
4
4,269
4
4,271
4
4,273
4,274
4
4,276
4,277
4
5,290
5,294
5,297
5,301
5,304
5,308
5,311
5,315
5,318
5,322
5,325
5,329
6,291
6,292
6,293
6
6,295
6,296
6
6,298
6,299
6,300
6
6,302
6,303
6
6,305
6,306
6,307
6
6,309
6,310
6
6,312
6,313
6,314
6
6,316
6,317
6
6,319
6,320
6,321
6
6,323
6,324
6
6,326
6,327
6,328
6
6,330
6,331
6
13,221,256,232
13,223,225
14,212,140,305,312,107,128,272,131,158,176,263,101,146,161,173,110,291,137,236,104,155,98,116,248,119,164,80,152,167,113,83,149,322,92,239,95,301,143,294,251,227,329,89,122,170,125,298,86,134
13,210
14,319,308,275,315,326,260
14,218,215
13,206,258,234,208,246,270
13,266,230,242,254
13,204,244,268