0
0
0
0
0
0
0
0
0
0,498,516
0
0
0,276
0,477,303,288,267,531
0,468
0,327
0
0,315,480
0,534
0,354,306
0,372
0,405
0,456
0,339,546,429
0,255,324
0,438,345,504
0
0,264
0,375,408,420,459
0
0,294
0,309
0,387
0,402,462
0,501
0,366,483
0
0,411,423
0,450
0,333,435,273
0,351,507
0
0,432,321,336
0
0
0
0
0
0
0
0
0
0
0
0
0
0
0
0
0
0
0
0
0
0
0
0
0
0
0
0
0
0
0
0
0
0
0,308
0,434
0,323
0,407
0,404
0,296
0,392
0,302
0,314
0,512
0,509
0,488
0,293
0,395
0,482
0,416
0,317
0,401
0,455
0,530
0,464
0,356
0,413
0,320
0,467
0,335
0,332
0,473
0,359
0,458
0,521
0,326
0,281
0,440
0,305
0,248
0,485
0,410
0,272
0,329
0,539
0,443
0,470
0,380
0,389
0,524
0,476
0,353
0,446
0,422
0,368
0,527
0,290
0,254
0,362
0,341
0,371
0,386
0,500
0,518
0,299
0,491
0,266
0,350
0,260
0,347
0
0,506
0,278
0,338
0,545
0,263
0,542
0,269
0,494
0,383
0,311
0,431
0,257
0,374
0,344
0,419
0,284
0,275
0,536
0,479
0,251
0,437
0,428
0,452
0,503
0,425
0,533
0,461
0,287
0
0,515
0,377
0,365
0,497
0,449
0,398
0,489
0,417,330
0,453,519
0,342
0,249,252
0
0,270
0,390
0,357
0
0,258
0,492
0
0,543
0,528,384
0,537,426,444,291
0,300,399,348,447
0,510
0,465,360
0,363,393,414
0
0,471,441,396
0,486
0,297,525,282,369
0,381
0,279
0,378
0
0,318,522,474
0,312
0
0,285
0,513,261
0,495,540
0
0
0
0
0
0
0
0
0
0
0
0
0
0
0
0
0
0
0
0
0
0
0
0
0
0
0
0
0
0
0
0
0
0
2,248
2,249
2
2,251
2,252
2
2,254
2,255
2
2,257
2,258
2
2,260
2,261
2
2,263
2,264
2
2,266
2,267
2
2,269
2,270
2
2,272
2,273
2
2,275
2,276
2
2,278
2,279
2
2,281
2,282
2
2,284
2,285
2
2,287
2,288
2
2,290
2,291
2
2,293
2,294
2
2,296
2,297
2
2,299
2,300
2
2,302
2,303
2
2,305
2,306
2
2,308
2,309
2
2,311
2,312
2
2,314
2,315
2
2,317
2,318
2
2,320
2,321
2
2,323
2,324
2
2,326
2,327
2
2,329
2,330
2
2,332
2,333
2
2,335
2,336
2
2,338
2,339
2
2,341
2,342
2
2,344
2,345
2
2,347
2,348
2
2,350
2,351
2
2,353
2,354
2
2,356
2,357
2
2,359
2,360
2
2,362
2,363
2
2,365
2,366
2
2,368
2,369
2
2,371
2,372
2
2,374
2,375
2
2,377
2,378
2
2,380
2,381
2
2,383
2,384
2
2,386
2,387
2
2,389
2,390
2
2,392
2,393
2
2,395
2,396
2
2,398
2,399
2
2,401
2,402
2
2,404
2,405
2
2,407
2,408
2
2,410
2,411
2
2,413
2,414
2
2,416
2,417
2
2,419
2,420
2
2,422
2,423
2
2,425
2,426
2
2,428
2,429
2
2,431
2,432
2
2,434
2,435
2
2,437
2,438
2
2,440
2,441
2
2,443
2,444
2
2,446
2,447
2
2,449
2,450
2
2,452
2,453
2
2,455
2,456
2
2,458
2,459
2
2,461
2,462
2
2,464
2,465
2
2,467
2,468
2
2,470
2,471
2
2,473
2,474
2
2,476
2,477
2
2,479
2,480
2
2,482
2,483
2
2,485
2,486
2
2,488
2,489
2
2,491
2,492
2
2,494
2,495
2
2,497
2,498
2
2,500
2,501
2
2,503
2,504
2
2,506
2,507
2
2,509
2,510
2
2,512
2,513
2
2,515
2,516
2
2,518
2,519
2
2,521
2,522
2
2,524
2,525
2
2,527
2,528
2
2,530
2,531
2
2,533
2,534
2
2,536
2,537
2
2,539
2,540
2
2,542
2,543
2
2,545
2,546
2
3,585,588,579
3,584,582,575,661
3,577,587,664
3,663,573,660,581
3,647,578,576,550,646,548,574,586,580,572,549,583,547
3,670,667,596,590
3,668,597,592
3,594,671
3,589,554,649,553,593,595,552,591,648
3,601,678,608
3,609,603,606,675
3,599,605,677,674
3,607,598,557,651,602,600,556,650,604,558
3,621,615,618,682
3,620,681,684,611
3,617,613,685
3,616,610,652,619,560,612,614,653,562,561
3,689,625,632,630
3,692,627,633
3,688,629,691,623
3,566,655,622,564,565,654,628,631,626,624
3,699,639,642
3,695,698,635,644
3,645,696,641,637
3,656,638,568,634,640,643,657,570,636,569
4,573
4
4,575
4
4,577
4
4,579
4
4,581
4,582
4
4,584
4,585
4
4,587
4,588
4
4,590
4
4,592
4
4,594
4
4,596
4,597
4
4,599
4
4,601
4
4,603
4
4,605
4,606
4
4,608
4,609
4
4,611
4
4,613
4
4,615
4
4,617
4,618
4
4,620
4,621
4
4,623
4
4,625
4
4,627
4
4,629
4,630
4
4,632
4,633
4
4,635
4
4,637
4
4,639
4
4,641
4,642
4
4,644
4,645
4
5,658
5,662
5,665
5,669
5,672
5,676
5,679
5,683
5,686
5,690
5,693
5,697
6,659
6,660
6,661
6
6,663
6,664
6
6,666
6,667
6,668
6
6,670
6,671
6
6,673
6,674
6,675
6
6,677
6,678
6
6,680
6,681
6,682
6
6,684
6,685
6
6,687
6,688
6,689
6
6,691
6,692
6
6,694
6,695
6,696
6
6,698
6,699
6
13,589,624,600
13,591,593
14,376,580,307,283,274,295,442,508,382,298,325,517,439,358,451,427,343,364,631,268,277,313,640,385,418,328,496,340,346,673,544,304,604,271,322,457,433,505,490,406,265,349,484,478,352,616,526,367,475,286,403,535,331,499,247,511,680,394,334,280,493,523,400,250,316,397,412,697,502,259,466,361,607,373,262,659,669,460,355,310,472,662,690,370,436,619,520,538,595,337,421,481,463,529,388,454,256,289,379,445,487,292,541,391,409,448,415,514,424,666,319,469,253,430,532,301
13,578
14,687,676,683,643,628,694
14,583,586
13,574,576,626,602,614,638
13,622,598,634,610
13,572,612,636