0
0
0
0
0
0
0,305
0,206,200
0,173
0,281
0,167
0,284,215
0,209,308,170,143,155
0,227,263,236
0,239,197
0
0,296
0,140
0,161,251
0,254,212
0,230,260,221
0
0,245,164,203
0
0
0
0
0
0
0
0
0
0
0
0
0
0
0
0
0
0
0
0
0,160
0,238
0,229
0,241
0,172
0,190
0,301
0,223
0,196
0,271
0,163
0,259
0,286
0,298
0,193
0,202
0,289
0,307
0,199
0,268
0,280
0,265
0,292
0,232
0,214
0,178
0,256
0,151
0,235
0,304
0,166
0,208
0,157
0,145
0,142
0,169
0,274
0,154
0,187
0,244
0,262
0,283
0,148
0,253
0,250
0,247
0,277
0,181
0,139
0,184
0,211
0,295
0,226
0,220
0,217
0,175
0,205
0
0
0
0,248
0,287
0
0,152,188
0,242,233,290
0
0
0,146,158
0,299,266
0
0,224,191
0,185,269,194
0,272,149,218,302
0,278
0,275,257,179,182,176
0,293
0
0
0
0
0
0
0
0
0
0
0
0
0
0
0
0
0
0
0
2,139
2,140
2
2,142
2,143
2
2,145
2,146
2
2,148
2,149
2
2,151
2,152
2
2,154
2,155
2
2,157
2,158
2
2,160
2,161
2
2,163
2,164
2
2,166
2,167
2
2,169
2,170
2
2,172
2,173
2
2,175
2,176
2
2,178
2,179
2
2,181
2,182
2
2,184
2,185
2
2,187
2,188
2
2,190
2,191
2
2,193
2,194
2
2,196
2,197
2
2,199
2,200
2
2,202
2,203
2
2,205
2,206
2
2,208
2,209
2
2,211
2,212
2
2,214
2,215
2
2,217
2,218
2
2,220
2,221
2
2,223
2,224
2
2,226
2,227
2
2,229
2,230
2
2,232
2,233
2
2,235
2,236
2
2,238
2,239
2
2,241
2,242
2
2,244
2,245
2
2,247
2,248
2
2,250
2,251
2
2,253
2,254
2
2,256
2,257
2
2,259
2,260
2
2,262
2,263
2
2,265
2,266
2
2,268
2,269
2
2,271
2,272
2
2,274
2,275
2
2,277
2,278
2
2,280
2,281
2
2,283
2,284
2
2,286
2,287
2
2,289
2,290
2
2,292
2,293
2
2,295
2,296
2
2,298
2,299
2
2,301
2,302
2
2,304
2,305
2
2,307
2,308
2
3,341,347,350
3,346,344,337,423
3,349,339,426
3,425,335,422,343
3,409,340,338,312,408,310,336,334,348,311,345,342,309
3,429,432,358,352
3,430,359,354
3,356,433
3,351,316,411,355,357,315,314,353,410
3,363,440,370
3,437,368,371,365
3,361,367,439,436
3,369,360,319,413,364,362,366,318,412,320
3,383,377,380,444
3,443,382,446,373
3,379,375,447
3,414,381,374,376,415,324,378,322,372,323
3,451,387,394,392
3,454,389,395
3,385,391,453,450
3,386,417,384,327,416,388,326,328,390,393
3,461,401,404
3,457,397,460,406
3,407,458,403,399
3,418,400,396,330,402,419,332,398,331,405
4,335
4
4,337
4
4,339
4
4,341
4
4,343
4,344
4
4,346
4,347
4
4,349
4,350
4
4,352
4
4,354
4
4,356
4
4,358
4,359
4
4,361
4
4,363
4
4,365
4
4,367
4,368
4
4,370
4,371
4
4,373
4
4,375
4
4,377
4
4,379
4,380
4
4,382
4,383
4
4,385
4
4,387
4
4,389
4
4,391
4,392
4
4,394
4,395
4
4,397
4
4,399
4
4,401
4
4,403
4,404
4
4,406
4,407
4
5,420
5,424
5,427
5,431
5,434
5,438
5,441
5,445
5,448
5,452
5,455
5,459
6,421
6,422
6,423
6
6,425
6,426
6
6,428
6,429
6,430
6
6,432
6,433
6
6,435
6,436
6,437
6
6,439
6,440
6
6,442
6,443
6,444
6
6,446
6,447
6
6,449
6,450
6,451
6
6,453
6,454
6
6,456
6,457
6,458
6
6,460
6,461
6
13,351,386,362
13,353,355
14,267,342,198,165,402,189,216,249,234,255,393,159,168,204,276,219,231,237,435,421,195,366,162,297,156,174,240,243,378,258,177,186,273,294,222,138,442,285,225,171,291,141,207,288,303,252,369,264,153,431,246,201,424,261,381,357,213,279,459,147,180,452,228,270,183,282,300,306,428,210,150,144,192
13,340
14,449,438,405,445,456,390
14,348,345
13,336,388,364,338,376,400
13,396,360,372,384
13,334,374,398