0
0
0
0,120
0,93,84
0,78,150,159,123
0
0,132,87,111
0,96
0,141
0
0,114
0,126
0
0
0
0
0
0
0
0
0
0
0,104
0,146
0,131
0,101
0,92
0,116
0,143
0,149
0,137
0,140
0,158
0,125
0,86
0,128
0,95
0,152
0,107
0,98
0,122
0,155
0,74
0,119
0,80
0,89
0,113
0
0,134
0,110
0,83
0,77
0
0,117,108
0,135
0,138
0,156,102
0,99,153
0,144,75,129,147
0,105
0,81
0,90
0
0
0
0
0
0
0
0
0
0
2,74
2,75
2
2,77
2,78
2
2,80
2,81
2
2,83
2,84
2
2,86
2,87
2
2,89
2,90
2
2,92
2,93
2
2,95
2,96
2
2,98
2,99
2
2,101
2,102
2
2,104
2,105
2
2,107
2,108
2
2,110
2,111
2
2,113
2,114
2
2,116
2,117
2
2,119
2,120
2
2,122
2,123
2
2,125
2,126
2
2,128
2,129
2
2,131
2,132
2
2,134
2,135
2
2,137
2,138
2
2,140
2,141
2
2,143
2,144
2
2,146
2,147
2
2,149
2,150
2
2,152
2,153
2
2,155
2,156
2
2,158
2,159
2
3,192,198,201
3,197,195,188,274
3,200,190,277
3,276,186,273,194
3,189,163,259,161,187,199,185,162,196,191,193,260,160
3,280,209,203,283
3,210,281,205
3,207,284
3,202,262,167,206,208,166,165,204,261
3,221,214,291
3,288,219,222,216
3,212,218,290,287
3,220,211,170,264,215,217,169,171,213,263
3,234,228,231,295
3,233,297,224,294
3,230,226,298
3,265,232,173,225,227,266,175,229,223,174
3,302,238,245,243
3,240,305,246
3,242,301,236,304
3,179,237,268,235,177,178,267,239,241,244
3,312,252,255
3,308,248,311,257
3,258,309,254,250
3,269,251,256,249,247,181,253,270,183,182
4,186
4
4,188
4
4,190
4
4,192
4
4,194
4,195
4
4,197
4,198
4
4,200
4,201
4
4,203
4
4,205
4
4,207
4
4,209
4,210
4
4,212
4
4,214
4
4,216
4
4,218
4,219
4
4,221
4,222
4
4,224
4
4,226
4
4,228
4
4,230
4,231
4
4,233
4,234
4
4,236
4
4,238
4
4,240
4
4,242
4,243
4
4,245
4,246
4
4,248
4
4,250
4
4,252
4
4,254
4,255
4
4,257
4,258
4
5,271
5,275
5,278
5,282
5,285
5,289
5,292
5,296
5,299
5,303
5,306
5,310
6,272
6,273
6,274
6
6,276
6,277
6
6,279
6,280
6,281
6
6,283
6,284
6
6,286
6,287
6,288
6
6,290
6,291
6
6,293
6,294
6,295
6
6,297
6,298
6
6,300
6,301
6,302
6
6,304
6,305
6
6,307
6,308
6,309
6
6,311
6,312
6
13,202,237,213
13,204,206
14,88,193,133,286,293,100,121,91,253,124,151,244,94,103,139,154,272,217,97,148,109,229,112,157,73,145,106,76,142,303,85,220,282,136,130,275,232,208,310,82,115,118,279,79,127
13,191
14,300,289,256,296,307,241
14,199,196
13,187,239,215,189,227,251
13,247,211,223,235
13,185,225,249