0
0
0
0
0
0
0
0
0,403
0,370
0,220
0
0,340
0,241
0,430,235
0,316,457
0,388,358
0,460,286
0,475
0,259
0,433
0
0,331,391,346
0,268,343
0,451,448,334
0,466,424
0
0,427
0,256
0,253,481
0,250
0,379
0
0
0,478,229,289
0,247
0,304,262,277
0,352
0
0
0
0
0
0
0
0
0
0
0
0
0
0
0
0
0
0
0
0
0
0
0
0
0
0
0
0
0
0
0,450
0,432
0,429
0,267
0,360
0,393
0,471
0,249
0,447
0,273
0,279
0,474
0,252
0,345
0,303
0,477
0,444
0,459
0,426
0,462
0,402
0,354
0,237
0,324
0,357
0,390
0,339
0,363
0,258
0,255
0,228
0,270
0
0,294
0
0,261
0,420
0,408
0,285
0,231
0,297
0,333
0,465
0,312
0,321
0,291
0,264
0,438
0,342
0,396
0,423
0,378
0,300
0,366
0,222
0,435
0,480
0,387
0,246
0,288
0,456
0,351
0,417
0,309
0,306
0,318
0,384
0,219
0,315
0,381
0,369
0,282
0,327
0,240
0,243
0,468
0,372
0,414
0,411
0,336
0,453
0,234
0,330
0,441
0,399
0,375
0,405
0,348
0,276
0,225
0
0
0,364,367
0,376,385
0,412,337
0
0,436,232
0,409,223,349
0,442,394,355
0,307,415
0,328
0,472,454,265
0
0,397,322
0,439,295,406
0
0,400
0,418,463
0,313
0,271,292,244,361,382
0
0,280,274,283
0,298,319
0,301
0
0
0,445
0,310,373
0,226,238,325,421,469
0
0
0
0
0
0
0
0
0
0
0
0
0
0
0
0
0
0
0
0
0
0
0
0
0
0
0
0
0
0
0
2,219
2,220
2
2,222
2,223
2
2,225
2,226
2
2,228
2,229
2
2,231
2,232
2
2,234
2,235
2
2,237
2,238
2
2,240
2,241
2
2,243
2,244
2
2,246
2,247
2
2,249
2,250
2
2,252
2,253
2
2,255
2,256
2
2,258
2,259
2
2,261
2,262
2
2,264
2,265
2
2,267
2,268
2
2,270
2,271
2
2,273
2,274
2
2,276
2,277
2
2,279
2,280
2
2,282
2,283
2
2,285
2,286
2
2,288
2,289
2
2,291
2,292
2
2,294
2,295
2
2,297
2,298
2
2,300
2,301
2
2,303
2,304
2
2,306
2,307
2
2,309
2,310
2
2,312
2,313
2
2,315
2,316
2
2,318
2,319
2
2,321
2,322
2
2,324
2,325
2
2,327
2,328
2
2,330
2,331
2
2,333
2,334
2
2,336
2,337
2
2,339
2,340
2
2,342
2,343
2
2,345
2,346
2
2,348
2,349
2
2,351
2,352
2
2,354
2,355
2
2,357
2,358
2
2,360
2,361
2
2,363
2,364
2
2,366
2,367
2
2,369
2,370
2
2,372
2,373
2
2,375
2,376
2
2,378
2,379
2
2,381
2,382
2
2,384
2,385
2
2,387
2,388
2
2,390
2,391
2
2,393
2,394
2
2,396
2,397
2
2,399
2,400
2
2,402
2,403
2
2,405
2,406
2
2,408
2,409
2
2,411
2,412
2
2,414
2,415
2
2,417
2,418
2
2,420
2,421
2
2,423
2,424
2
2,426
2,427
2
2,429
2,430
2
2,432
2,433
2
2,435
2,436
2
2,438
2,439
2
2,441
2,442
2
2,444
2,445
2
2,447
2,448
2
2,450
2,451
2
2,453
2,454
2
2,456
2,457
2
2,459
2,460
2
2,462
2,463
2
2,465
2,466
2
2,468
2,469
2
2,471
2,472
2
2,474
2,475
2
2,477
2,478
2
2,480
2,481
2
3,514,523,520
3,519,517,510,596
3,522,512,599
3,598,508,595,516
3,582,513,511,485,581,515,483,509,521,507,484,518,482
3,602,525,605,531
3,603,527,532
3,529,606
3,524,489,584,530,528,488,487,526,583
3,543,536,613
3,538,610,541,544
3,534,540,612,609
3,533,492,586,537,539,491,493,585,535,542
3,550,556,553,617
3,616,555,619,546
3,552,548,620
3,551,587,495,547,588,497,549,554,545,496
3,624,560,565,567
3,627,562,568
3,564,623,558,626
3,501,590,557,500,589,566,559,499,563,561
3,634,574,577
3,630,570,633,579
3,572,580,631,576
3,575,591,573,592,578,569,503,505,571,504
4,508
4
4,510
4
4,512
4
4,514
4
4,516
4,517
4
4,519
4,520
4
4,522
4,523
4
4,525
4
4,527
4
4,529
4
4,531
4,532
4
4,534
4
4,536
4
4,538
4
4,540
4,541
4
4,543
4,544
4
4,546
4
4,548
4
4,550
4
4,552
4,553
4
4,555
4,556
4
4,558
4
4,560
4
4,562
4
4,564
4,565
4
4,567
4,568
4
4,570
4
4,572
4
4,574
4
4,576
4,577
4
4,579
4,580
4
5,593
5,597
5,600
5,604
5,607
5,611
5,614
5,618
5,621
5,625
5,628
5,632
6,594
6,595
6,596
6
6,598
6,599
6
6,601
6,602
6,603
6
6,605
6,606
6
6,608
6,609
6,610
6
6,612
6,613
6
6,615
6,616
6,617
6
6,619
6,620
6
6,622
6,623
6,624
6
6,626
6,627
6
6,629
6,630
6,631
6
6,633
6,634
6
13,524,559,535
13,526,528
14,233,431,347,515,278,608,245,266,413,479,353,575,269,296,410,422,398,314,335,566,239,419,248,284,356,389,299,467,311,317,594,275,539,242,428,404,476,461,377,236,254,320,455,449,323,551,338,601,257,374,302,470,218,615,434,365,305,251,464,371,221,287,452,368,383,632,473,437,332,542,344,604,326,281,443,597,625,341,407,554,329,530,392,293,359,425,416,227,260,308,350,263,401,362,380,386,446,395,290,440,230,224,272,458
13,513
14,622,618,611,629,578,563
14,518,521
13,509,561,573,537,511,549
13,545,569,533,557
13,507,547,571