0
0
0,81,48
0,66,78
0,63,72
0,42,69,39
0
0
0
0
0
0
0,62
0,53
0,47
0,74
0,38
0,50
0,41
0,59
0,71
0,80
0,65
0,44
0,56
0,68
0,77
0
0,54
0,57,60,75
0,51
0,45
0
0
0
0
0
2,38
2,39
2
2,41
2,42
2
2,44
2,45
2
2,47
2,48
2
2,50
2,51
2
2,53
2,54
2
2,56
2,57
2
2,59
2,60
2
2,62
2,63
2
2,65
2,66
2
2,68
2,69
2
2,71
2,72
2
2,74
2,75
2
2,77
2,78
2
2,80
2,81
2
3,114,120,123
3,117,110,119,196
3,112,122,199
3,195,198,108,116
3,121,181,182,84,107,118,113,111,85,115,83,82,109
3,205,131,125,202
3,203,127,132
3,206,129
3,87,126,128,130,184,88,183,124,89
3,136,213,143
3,141,144,138,210
3,212,134,209,140
3,142,133,92,135,91,185,139,186,137,93
3,150,153,156,217
3,155,219,146,216
3,152,220,148
3,97,145,95,187,151,96,147,188,149,154
3,224,160,165,167
3,227,162,168
3,226,223,158,164
3,161,163,99,100,166,190,189,157,101,159
3,177,234,174
3,170,179,230,233
3,180,176,172,231
3,105,175,104,178,173,191,192,103,169,171
4,108
4
4,110
4
4,112
4
4,114
4
4,116
4,117
4
4,119
4,120
4
4,122
4,123
4
4,125
4
4,127
4
4,129
4
4,131
4,132
4
4,134
4
4,136
4
4,138
4
4,140
4,141
4
4,143
4,144
4
4,146
4
4,148
4
4,150
4
4,152
4,153
4
4,155
4,156
4
4,158
4
4,160
4
4,162
4
4,164
4,165
4
4,167
4,168
4
4,170
4
4,172
4
4,174
4
4,176
4,177
4
4,179
4,180
4
5,193
5,197
5,200
5,204
5,207
5,211
5,214
5,218
5,221
5,225
5,228
5,232
6,194
6,195
6,196
6
6,198
6,199
6
6,201
6,202
6,203
6
6,205
6,206
6
6,208
6,209
6,210
6
6,212
6,213
6
6,215
6,216
6,217
6
6,219
6,220
6
6,222
6,223
6,224
6
6,226
6,227
6
6,229
6,230
6,231
6
6,233
6,234
6
13,124,159,135
13,126,128
14,208,37,46,79,139,215,61,115,64,55,70,73,201,40,225,204,232,49,166,142,151,52,194,197,76,43,58,154,67,175,130
13,113
14,178,222,229,163,218,211
14,118,121
13,109,111,149,161,137,173
13,169,145,157,133
13,147,107,171