0
0
0
0
0
0
0
0,206
0,245
0,197,188,272
0,251,281
0
0,254,308,194
0,164
0,335,191
0,305
0
0
0,314,203
0,302,290,161
0,323,296
0,332,317,155
0,299,263,275
0,158,230
0
0,260
0
0
0
0
0
0
0
0
0
0
0
0
0
0
0
0
0
0
0
0
0
0
0,295
0,235
0,193
0,232
0,202
0,289
0,169
0,214
0,163
0,220
0,250
0,286
0,337
0,313
0,208
0,274
0,325
0,157
0,304
0,205
0,265
0,244
0,310
0,166
0,184
0,331
0,316
0,229
0,226
0,280
0,322
0,211
0,283
0,307
0,271
0,172
0,292
0,175
0,190
0,154
0,181
0,277
0,178
0,253
0,256
0,328
0,241
0,223
0,196
0,259
0,187
0,334
0,298
0,160
0,199
0,247
0,217
0
0,301
0,268
0,238
0,262
0,319
0,278
0,248,212
0,257
0,338,173
0,185,269
0,236,284,179
0,242
0
0
0,215,170,266
0,239,176
0,311,227,224
0
0
0,233,320,218,182,293,200
0
0,326,167
0,221,209
0
0,287
0,329
0
0
0
0
0
0
0
0
0
0
0
0
0
0
0
0
0
0
0
0
0
2,154
2,155
2
2,157
2,158
2
2,160
2,161
2
2,163
2,164
2
2,166
2,167
2
2,169
2,170
2
2,172
2,173
2
2,175
2,176
2
2,178
2,179
2
2,181
2,182
2
2,184
2,185
2
2,187
2,188
2
2,190
2,191
2
2,193
2,194
2
2,196
2,197
2
2,199
2,200
2
2,202
2,203
2
2,205
2,206
2
2,208
2,209
2
2,211
2,212
2
2,214
2,215
2
2,217
2,218
2
2,220
2,221
2
2,223
2,224
2
2,226
2,227
2
2,229
2,230
2
2,232
2,233
2
2,235
2,236
2
2,238
2,239
2
2,241
2,242
2
2,244
2,245
2
2,247
2,248
2
2,250
2,251
2
2,253
2,254
2
2,256
2,257
2
2,259
2,260
2
2,262
2,263
2
2,265
2,266
2
2,268
2,269
2
2,271
2,272
2
2,274
2,275
2
2,277
2,278
2
2,280
2,281
2
2,283
2,284
2
2,286
2,287
2
2,289
2,290
2
2,292
2,293
2
2,295
2,296
2
2,298
2,299
2
2,301
2,302
2
2,304
2,305
2
2,307
2,308
2
2,310
2,311
2
2,313
2,314
2
2,316
2,317
2
2,319
2,320
2
2,322
2,323
2
2,325
2,326
2
2,328
2,329
2
2,331
2,332
2
2,334
2,335
2
2,337
2,338
2
3,380,371,377
3,376,374,367,453
3,379,369,456
3,365,455,452,373
3,439,370,368,342,438,340,366,378,364,341,375,372,339
3,459,388,382,462
3,460,384,389
3,386,463
3,381,346,441,385,387,345,344,383,440
3,393,470,400
3,401,467,398,395
3,391,397,469,466
3,390,399,349,443,394,396,348,350,392,442
3,413,407,410,474
3,412,473,476,403
3,409,405,477
3,444,411,352,404,406,445,354,408,402,353
3,481,417,424,422
3,484,419,425
3,480,415,421,483
3,358,447,414,356,357,446,416,420,423,418
3,491,431,434
3,427,487,490,436
3,437,488,433,429
3,448,430,449,435,361,426,360,432,362,428
4,365
4
4,367
4
4,369
4
4,371
4
4,373
4,374
4
4,376
4,377
4
4,379
4,380
4
4,382
4
4,384
4
4,386
4
4,388
4,389
4
4,391
4
4,393
4
4,395
4
4,397
4,398
4
4,400
4,401
4
4,403
4
4,405
4
4,407
4
4,409
4,410
4
4,412
4,413
4
4,415
4
4,417
4
4,419
4
4,421
4,422
4
4,424
4,425
4
4,427
4
4,429
4
4,431
4
4,433
4,434
4
4,436
4,437
4
5,450
5,454
5,457
5,461
5,464
5,468
5,471
5,475
5,478
5,482
5,485
5,489
6,451
6,452
6,453
6
6,455
6,456
6
6,458
6,459
6,460
6
6,462
6,463
6
6,465
6,466
6,467
6
6,469
6,470
6
6,472
6,473
6,474
6
6,476
6,477
6
6,479
6,480
6,481
6
6,483
6,484
6
6,486
6,487
6,488
6
6,490
6,491
6
13,381,416,392
13,383,385
14,282,372,213,465,180,288,432,204,231,264,333,249,270,423,174,183,219,291,321,324,234,246,252,451,210,396,177,228,312,171,189,255,258,408,327,273,201,309,237,153,472,300,240,186,306,156,222,303,318,165,267,279,192,168,461,261,216,454,276,411,387,294,489,162,195,482,243,285,198,297,315,330,458,225,159,399,336,207
13,370
14,479,435,475,486,468,420
14,378,375
13,366,418,394,368,406,430
13,426,390,402,414
13,364,404,428