0
0
0
0,92,110
0,113,119
0,86,71
0,143
0,140
0,128,68,74
0,137
0,107,104,125
0
0
0
0
0
0
0
0
0
0
0,91
0,97
0,136
0,145
0,124
0,67
0,85
0,103
0,94
0,88
0,133
0,130
0,100
0,79
0,76
0,142
0,127
0,109
0,82
0,106
0,112
0,115
0,118
0,121
0,139
0,73
0,70
0,80,77
0,146,131,98
0,95
0,89,83
0,122
0
0,101
0,134
0,116
0
0
0
0
0
0
0
0
0
2,67
2,68
2
2,70
2,71
2
2,73
2,74
2
2,76
2,77
2
2,79
2,80
2
2,82
2,83
2
2,85
2,86
2
2,88
2,89
2
2,91
2,92
2
2,94
2,95
2
2,97
2,98
2
2,100
2,101
2
2,103
2,104
2
2,106
2,107
2
2,109
2,110
2
2,112
2,113
2
2,115
2,116
2
2,118
2,119
2
2,121
2,122
2
2,124
2,125
2
2,127
2,128
2
2,130
2,131
2
2,133
2,134
2
2,136
2,137
2
2,139
2,140
2
2,142
2,143
2
2,145
2,146
2
3,179,185,188
3,184,182,175,261
3,187,177,264
3,263,173,260,181
3,247,178,176,150,246,148,174,186,172,183,180,149,147
3,267,190,270,196
3,197,268,192
3,194,271
3,189,249,154,193,195,153,152,191,248
3,208,201,278
3,275,206,209,203
3,199,205,277,274
3,207,198,157,251,202,204,156,158,200,250
3,221,215,218,282
3,211,220,284,281
3,217,213,285
3,252,219,160,212,214,253,162,216,210,161
3,289,225,232,230
3,292,227,233
3,288,223,229,291
3,166,255,222,164,165,254,226,224,228,231
3,299,239,242
3,295,235,298,244
3,245,296,241,237
3,256,238,243,234,168,240,257,170,236,169
4,173
4
4,175
4
4,177
4
4,179
4
4,181
4,182
4
4,184
4,185
4
4,187
4,188
4
4,190
4
4,192
4
4,194
4
4,196
4,197
4
4,199
4
4,201
4
4,203
4
4,205
4,206
4
4,208
4,209
4
4,211
4
4,213
4
4,215
4
4,217
4,218
4
4,220
4,221
4
4,223
4
4,225
4
4,227
4
4,229
4,230
4
4,232
4,233
4
4,235
4
4,237
4
4,239
4
4,241
4,242
4
4,244
4,245
4
5,258
5,262
5,265
5,269
5,272
5,276
5,279
5,283
5,286
5,290
5,293
5,297
6,259
6,260
6,261
6
6,263
6,264
6
6,266
6,267
6,268
6
6,270
6,271
6
6,273
6,274
6,275
6
6,277
6,278
6
6,280
6,281
6,282
6
6,284
6,285
6
6,287
6,288
6,289
6
6,291
6,292
6
6,294
6,295
6,296
6
6,298
6,299
6
13,189,224,200
13,191,193
14,180,126,273,93,114,240,117,144,231,87,96,132,123,204,90,84,102,216,105,66,138,280,99,69,135,290,78,207,81,259,269,129,262,219,195,141,297,75,108,111,266,72,120
13,178
14,287,276,243,283,294,228
14,186,183
13,174,226,202,176,214,238
13,234,198,210,222
13,172,212,236