0
0
0
0
0
0
0
0
0
0,335
0,440,434
0
0,461,473,506
0,338
0,530
0
0,383
0,332
0,245,248,362,416
0,326
0,488
0,392,500
0,293,494
0,527,359,323
0,314
0,518,374
0,284,515,281,497
0,257
0
0
0,344
0,509,512,404
0,278
0,482,491
0,479,395
0
0,407
0,371
0,521
0,398
0,242,305
0,386,251
0
0
0
0
0
0
0
0
0
0
0
0
0
0
0
0
0
0
0
0
0
0
0
0
0
0
0
0
0
0
0
0
0
0,391
0,469
0,331
0,325
0,463
0,454
0,295
0,346
0,265
0,271
0,382
0,472
0,352
0,304
0,292
0,289
0,514
0,313
0,535
0,436
0,361
0,445
0,253
0,247
0,508
0,430
0,385
0,523
0,409
0,493
0,373
0,277
0,367
0,343
0,442
0,250
0,478
0,262
0,328
0,406
0,244
0,532
0,424
0,358
0,310
0,502
0,355
0,526
0,274
0,427
0,412
0,499
0,481
0,415
0,319
0,337
0,334
0,418
0,364
0,520
0,301
0,490
0,379
0,256
0,457
0,448
0,439
0,529
0,307
0,397
0,460
0,394
0,349
0,298
0,517
0,370
0,316
0,451
0,400
0,268
0,322
0,484
0,505
0,421
0,466
0,286
0,283
0,280
0,433
0,496
0,376
0,403
0,241
0,487
0,475
0,259
0,511
0,340
0,388
0,311,317,263,452
0,533,254
0,446,341
0,347,428,299
0,449
0,437
0
0,308,269,272
0,350,443
0,377
0
0,329,410,476
0,485,455,260,320
0
0,536,425
0,365
0
0
0,467
0,422,356
0,302
0,413
0
0
0,464,368
0,419,401,431
0,275
0,353
0,389,470
0,524,380
0,287,290
0,296,503,458,266
0
0
0
0
0
0
0
0
0
0
0
0
0
0
0
0
0
0
0
0
0
0
0
0
0
0
0
0
0
0
0
0
0
0
2,241
2,242
2
2,244
2,245
2
2,247
2,248
2
2,250
2,251
2
2,253
2,254
2
2,256
2,257
2
2,259
2,260
2
2,262
2,263
2
2,265
2,266
2
2,268
2,269
2
2,271
2,272
2
2,274
2,275
2
2,277
2,278
2
2,280
2,281
2
2,283
2,284
2
2,286
2,287
2
2,289
2,290
2
2,292
2,293
2
2,295
2,296
2
2,298
2,299
2
2,301
2,302
2
2,304
2,305
2
2,307
2,308
2
2,310
2,311
2
2,313
2,314
2
2,316
2,317
2
2,319
2,320
2
2,322
2,323
2
2,325
2,326
2
2,328
2,329
2
2,331
2,332
2
2,334
2,335
2
2,337
2,338
2
2,340
2,341
2
2,343
2,344
2
2,346
2,347
2
2,349
2,350
2
2,352
2,353
2
2,355
2,356
2
2,358
2,359
2
2,361
2,362
2
2,364
2,365
2
2,367
2,368
2
2,370
2,371
2
2,373
2,374
2
2,376
2,377
2
2,379
2,380
2
2,382
2,383
2
2,385
2,386
2
2,388
2,389
2
2,391
2,392
2
2,394
2,395
2
2,397
2,398
2
2,400
2,401
2
2,403
2,404
2
2,406
2,407
2
2,409
2,410
2
2,412
2,413
2
2,415
2,416
2
2,418
2,419
2
2,421
2,422
2
2,424
2,425
2
2,427
2,428
2
2,430
2,431
2
2,433
2,434
2
2,436
2,437
2
2,439
2,440
2
2,442
2,443
2
2,445
2,446
2
2,448
2,449
2
2,451
2,452
2
2,454
2,455
2
2,457
2,458
2
2,460
2,461
2
2,463
2,464
2
2,466
2,467
2
2,469
2,470
2
2,472
2,473
2
2,475
2,476
2
2,478
2,479
2
2,481
2,482
2
2,484
2,485
2
2,487
2,488
2
2,490
2,491
2
2,493
2,494
2
2,496
2,497
2
2,499
2,500
2
2,502
2,503
2
2,505
2,506
2
2,508
2,509
2
2,511
2,512
2
2,514
2,515
2
2,517
2,518
2
2,520
2,521
2
2,523
2,524
2
2,526
2,527
2
2,529
2,530
2
2,532
2,533
2
2,535
2,536
2
3,578,569,575
3,574,572,565,651
3,567,577,654
3,653,563,650,571
3,566,540,636,538,564,576,562,568,539,573,570,637,537
3,657,586,580,660
3,658,582,587
3,661,584
3,579,544,639,585,543,542,583,581,638
3,598,591,668
3,665,596,599,593
3,589,595,667,664
3,597,640,641,547,588,592,590,594,546,548
3,611,605,672,608
3,671,601,610,674
3,607,603,675
3,606,642,609,550,602,604,643,552,600,551
3,679,615,622,620
3,682,617,623
3,613,619,681,678
3,556,645,612,554,555,644,616,614,618,621
3,689,629,632
3,685,625,634,688
3,635,686,631,627
3,646,628,647,558,633,624,560,626,630,559
4,563
4
4,565
4
4,567
4
4,569
4
4,571
4,572
4
4,574
4,575
4
4,577
4,578
4
4,580
4
4,582
4
4,584
4
4,586
4,587
4
4,589
4
4,591
4
4,593
4
4,595
4,596
4
4,598
4,599
4
4,601
4
4,603
4
4,605
4
4,607
4,608
4
4,610
4,611
4
4,613
4
4,615
4
4,617
4
4,619
4,620
4
4,622
4,623
4
4,625
4
4,627
4
4,629
4
4,631
4,632
4
4,634
4,635
4
5,648
5,652
5,655
5,659
5,662
5,666
5,669
5,673
5,676
5,680
5,683
5,687
6,649
6,650
6,651
6
6,653
6,654
6
6,656
6,657
6,658
6
6,660
6,661
6
6,663
6,664
6,665
6
6,667
6,668
6
6,670
6,671
6,672
6
6,674
6,675
6
6,677
6,678
6,679
6
6,681
6,682
6
6,684
6,685
6,686
6
6,688
6,689
6
13,579,590,614
13,581,583
14,369,570,300,663,267,288,435,501,375,630,291,318,432,351,444,402,420,336,357,621,261,270,306,378,411,321,489,333,339,297,315,450,426,483,258,276,342,525,477,471,345,606,519,360,468,396,528,486,324,492,240,504,312,670,387,327,273,462,516,393,243,309,390,405,495,252,459,354,597,366,279,255,649,659,453,348,303,465,510,652,594,680,363,429,609,513,531,585,264,330,414,474,456,522,381,447,687,249,282,372,438,480,285,534,384,498,441,408,507,417,399,656,246,423,294
13,568
14,677,666,673,684,633,618
14,573,576
13,616,592,564,566,604,628
13,612,588,624,600
13,602,626,562