0
0,17,23
0
0
0
0,16
0
0,22
0,25
0
0,19
0,20,26
0
0
0
2,16
2,17
2
2,19
2,20
2
2,22
2,23
2
2,25
2,26
2
3,59,65,68
3,62,55,64,141
3,57,67,144
3,140,143,53,61
3,66,127,29,52,63,58,56,30,60,28,126,27,54
3,150,76,70,147
3,148,72,77
3,151,74
3,71,73,75,129,33,128,32,69,34
3,81,158,88
3,86,89,83,155
3,157,79,154,85
3,84,87,78,82,37,80,36,130,131,38
3,95,101,98,162
3,100,164,91,161
3,97,165,93
3,42,90,40,92,132,96,41,94,99,133
3,110,112,169,105
3,107,172,113
3,171,168,103,109
3,106,108,45,111,135,134,102,46,104,44
3,122,179,119
3,175,115,124,178
3,121,125,117,176
3,50,120,123,49,118,136,137,48,114,116
4,53
4
4,55
4
4,57
4
4,59
4
4,61
4,62
4
4,64
4,65
4
4,67
4,68
4
4,70
4
4,72
4
4,74
4
4,76
4,77
4
4,79
4
4,81
4
4,83
4
4,85
4,86
4
4,88
4,89
4
4,91
4
4,93
4
4,95
4
4,97
4,98
4
4,100
4,101
4
4,103
4
4,105
4
4,107
4
4,109
4,110
4
4,112
4,113
4
4,115
4
4,117
4
4,119
4
4,121
4,122
4
4,124
4,125
4
5,138
5,142
5,145
5,149
5,152
5,156
5,159
5,163
5,166
5,170
5,173
5,177
6,139
6,140
6,141
6
6,143
6,144
6
6,146
6,147
6,148
6
6,150
6,151
6
6,153
6,154
6,155
6
6,157
6,158
6
6,160
6,161
6,162
6
6,164
6,165
6
6,167
6,168
6,169
6
6,171
6,172
6
6,174
6,175
6,176
6
6,178
6,179
6
13,69,104,80
13,71,73
14,15,24,139,84,160,60,153,146,18,170,177,87,96,149,142,111,21,99,120,75
13,58
14,123,167,108,163,156,174
14,63,66
13,54,106,56,94,82,118
13,114,90,102,78
13,92,52,116