0
0
0
0
0
0
0
0,217
0,208,253
0,304,256
0
0
0
0,322
0,238,385,391
0,247,187
0,286,337
0
0,271
0,388,319
0,340,274
0,370
0,229
0,295,355,298,226
0,223
0
0
0
0,331,241
0,334,193,307
0,376
0,268
0
0
0
0
0
0
0
0
0
0
0
0
0
0
0
0
0
0
0
0
0
0
0
0
0
0,216
0,309
0,354
0,246
0,315
0,207
0,186
0,357
0,396
0,372
0,387
0,210
0,330
0,249
0,222
0,201
0,363
0,393
0,270
0,291
0,279
0,183
0,282
0,390
0,276
0,336
0,312
0,261
0,243
0,360
0,399
0,204
0,318
0,195
0,198
0,234
0,342
0,348
0,381
0,327
0,303
0
0,219
0,333
0,189
0,378
0,213
0,300
0,255
0,321
0,345
0,228
0
0,324
0,339
0,285
0,273
0,369
0,240
0,375
0,237
0,267
0,288
0,225
0,351
0,384
0,252
0,264
0,192
0,297
0,258
0,306
0,231
0,294
0,366
0,262,214
0,382,352
0,232,292
0,313
0
0
0,202
0
0,367,343,184
0,259,346,358,283,205
0
0,400,280
0,301
0
0,190,220,373
0,277,397,379,325,316,196
0,235,394
0
0
0,349,289
0,328,361
0,211
0,265,364
0,310,199,250,244
0
0
0
0
0
0
0
0
0
0
0
0
0
0
0
0
0
0
0
0
0
0
0
0
0
0
2,183
2,184
2
2,186
2,187
2
2,189
2,190
2
2,192
2,193
2
2,195
2,196
2
2,198
2,199
2
2,201
2,202
2
2,204
2,205
2
2,207
2,208
2
2,210
2,211
2
2,213
2,214
2
2,216
2,217
2
2,219
2,220
2
2,222
2,223
2
2,225
2,226
2
2,228
2,229
2
2,231
2,232
2
2,234
2,235
2
2,237
2,238
2
2,240
2,241
2
2,243
2,244
2
2,246
2,247
2
2,249
2,250
2
2,252
2,253
2
2,255
2,256
2
2,258
2,259
2
2,261
2,262
2
2,264
2,265
2
2,267
2,268
2
2,270
2,271
2
2,273
2,274
2
2,276
2,277
2
2,279
2,280
2
2,282
2,283
2
2,285
2,286
2
2,288
2,289
2
2,291
2,292
2
2,294
2,295
2
2,297
2,298
2
2,300
2,301
2
2,303
2,304
2
2,306
2,307
2
2,309
2,310
2
2,312
2,313
2
2,315
2,316
2
2,318
2,319
2
2,321
2,322
2
2,324
2,325
2
2,327
2,328
2
2,330
2,331
2
2,333
2,334
2
2,336
2,337
2
2,339
2,340
2
2,342
2,343
2
2,345
2,346
2
2,348
2,349
2
2,351
2,352
2
2,354
2,355
2
2,357
2,358
2
2,360
2,361
2
2,363
2,364
2
2,366
2,367
2
2,369
2,370
2
2,372
2,373
2
2,375
2,376
2
2,378
2,379
2
2,381
2,382
2
2,384
2,385
2
2,387
2,388
2
2,390
2,391
2
2,393
2,394
2
2,396
2,397
2
2,399
2,400
2
3,433,439,442
3,438,436,429,515
3,431,441,518
3,517,427,514,435
3,501,432,430,404,500,402,428,426,440,403,437,401,434
3,524,521,450,444
3,522,446,451
3,448,525
3,449,443,408,503,447,407,406,445,502
3,455,532,462
3,463,529,460,457
3,528,453,459,531
3,452,461,411,505,456,458,410,412,454,504
3,475,469,472,536
3,465,474,535,538
3,471,467,539
3,470,506,473,414,466,468,507,416,415,464
3,486,543,479,484
3,546,481,487
3,477,545,483,542
3,509,476,418,419,508,485,480,478,420,482
3,553,493,496
3,549,489,552,498
3,499,550,495,491
3,510,492,497,488,422,494,511,424,490,423
4,427
4
4,429
4
4,431
4
4,433
4
4,435
4,436
4
4,438
4,439
4
4,441
4,442
4
4,444
4
4,446
4
4,448
4
4,450
4,451
4
4,453
4
4,455
4
4,457
4
4,459
4,460
4
4,462
4,463
4
4,465
4
4,467
4
4,469
4
4,471
4,472
4
4,474
4,475
4
4,477
4
4,479
4
4,481
4
4,483
4,484
4
4,486
4,487
4
4,489
4
4,491
4
4,493
4
4,495
4,496
4
4,498
4,499
4
5,512
5,516
5,519
5,523
5,526
5,530
5,533
5,537
5,540
5,544
5,547
5,551
6,513
6,514
6,515
6
6,517
6,518
6
6,520
6,521
6,522
6
6,524
6,525
6
6,527
6,528
6,529
6
6,531
6,532
6
6,534
6,535
6,536
6
6,538
6,539
6
6,541
6,542
6,543
6
6,545
6,546
6
6,548
6,549
6,550
6
6,552
6,553
6
13,443,478,454
13,445,447
14,311,242,218,284,209,230,377,317,233,260,341,374,293,386,362,278,299,485,203,212,248,194,434,320,353,263,275,281,527,329,239,458,206,257,392,368,200,287,470,302,221,338,266,182,534,494,323,269,215,335,185,251,332,347,296,461,308,197,513,523,395,290,245,516,305,371,473,449,356,398,389,551,191,224,544,272,314,380,227,326,344,383,350,359,520,254,188,365,236
13,432
14,541,530,497,537,548,482
14,440,437
13,428,480,456,430,468,492
13,452,488,464,476
13,426,466,490