0
0
0
0
0,143,134
0
0,98,191,128
0,116,155
0,176,119
0
0,146,110,122,137
0,185,158,101
0,179
0,104,161
0,125,173
0
0
0
0
0
0
0
0
0
0
0
0
0,190
0,166
0,118
0,172
0,106
0,100
0,187
0,157
0,130
0,109
0,94
0,145
0,124
0,139
0,169
0,127
0,175
0,163
0,133
0,97
0,178
0,136
0,115
0,184
0,121
0,91
0,103
0,148
0,112
0,151
0,88
0
0,160
0,181
0,154
0,142
0,113,89
0
0,167
0,164,170,131
0
0,140
0
0,107,182,92
0
0,152,149,95
0
0,188
0
0
0
0
0
0
0
0
0
0
0
0
2,88
2,89
2
2,91
2,92
2
2,94
2,95
2
2,97
2,98
2
2,100
2,101
2
2,103
2,104
2
2,106
2,107
2
2,109
2,110
2
2,112
2,113
2
2,115
2,116
2
2,118
2,119
2
2,121
2,122
2
2,124
2,125
2
2,127
2,128
2
2,130
2,131
2
2,133
2,134
2
2,136
2,137
2
2,139
2,140
2
2,142
2,143
2
2,145
2,146
2
2,148
2,149
2
2,151
2,152
2
2,154
2,155
2
2,157
2,158
2
2,160
2,161
2
2,163
2,164
2
2,166
2,167
2
2,169
2,170
2
2,172
2,173
2
2,175
2,176
2
2,178
2,179
2
2,181
2,182
2
2,184
2,185
2
2,187
2,188
2
2,190
2,191
2
3,224,230,233
3,229,227,220,306
3,232,222,309
3,308,218,305,226
3,292,231,223,221,195,291,193,219,217,194,228,225,192
3,312,241,235,315
3,242,313,237
3,239,316
3,234,294,199,238,240,198,197,236,293
3,246,253,323
3,320,251,254,248
3,244,250,322,319
3,252,243,296,247,202,249,201,203,245,295
3,266,260,263,327
3,265,329,256,326
3,262,258,330
3,297,264,205,257,259,298,207,261,255,206
3,334,270,277,275
3,337,272,278
3,336,333,268,274
3,211,269,300,267,209,210,299,271,273,276
3,344,284,287
3,340,280,343,289
3,290,341,286,282
3,301,283,288,279,213,285,302,215,281,214
4,218
4
4,220
4
4,222
4
4,224
4
4,226
4,227
4
4,229
4,230
4
4,232
4,233
4
4,235
4
4,237
4
4,239
4
4,241
4,242
4
4,244
4
4,246
4
4,248
4
4,250
4,251
4
4,253
4,254
4
4,256
4
4,258
4
4,260
4
4,262
4,263
4
4,265
4,266
4
4,268
4
4,270
4
4,272
4
4,274
4,275
4
4,277
4,278
4
4,280
4
4,282
4
4,284
4
4,286
4,287
4
4,289
4,290
4
5,303
5,307
5,310
5,314
5,317
5,321
5,324
5,328
5,331
5,335
5,338
5,342
6,304
6,305
6,306
6
6,308
6,309
6
6,311
6,312
6,313
6
6,315
6,316
6
6,318
6,319
6,320
6
6,322
6,323
6
6,325
6,326
6,327
6
6,329
6,330
6
6,332
6,333
6,334
6
6,336
6,337
6
6,339
6,340
6,341
6
6,343
6,344
6
13,234,269,245
13,236,238
14,147,318,114,285,138,165,183,276,108,117,153,225,168,180,186,304,144,249,111,162,105,123,189,261,126,135,171,87,159,325,174,120,90,156,335,99,252,102,314,150,307,264,240,342,96,129,177,132,311,93,141
13,223
14,332,321,288,328,339,273
14,231,228
13,219,271,247,221,259,283
13,279,243,255,267
13,217,257,281