0
0
0
0
0,123,192
0,156
0,183
0,237
0
0,129,228
0,150,195,168
0,204,147
0,159
0,189
0
0,162,165,186
0,219,213,210
0,117
0,201
0
0
0
0
0
0
0
0
0
0
0
0
0
0
0
0,215
0,191
0,113
0,218
0,128
0,197
0,158
0,137
0,188
0,221
0,116
0,209
0,155
0,176
0,224
0,233
0
0,143
0,206
0,122
0,173
0,149
0,119
0,152
0,179
0,161
0,200
0,227
0,185
0,110
0,194
0,164
0,125
0,236
0,131
0,134
0,146
0,212
0,230
0,170
0,140
0,203
0,182
0,167
0
0,174
0,198,135,141
0,120,225,114
0,171,153,222
0,111
0,234,216
0
0,144
0,231,177
0,126,138
0,180
0
0
0,132
0,207
0
0
0
0
0
0
0
0
0
0
0
0
0
0
0
2,110
2,111
2
2,113
2,114
2
2,116
2,117
2
2,119
2,120
2
2,122
2,123
2
2,125
2,126
2
2,128
2,129
2
2,131
2,132
2
2,134
2,135
2
2,137
2,138
2
2,140
2,141
2
2,143
2,144
2
2,146
2,147
2
2,149
2,150
2
2,152
2,153
2
2,155
2,156
2
2,158
2,159
2
2,161
2,162
2
2,164
2,165
2
2,167
2,168
2
2,170
2,171
2
2,173
2,174
2
2,176
2,177
2
2,179
2,180
2
2,182
2,183
2
2,185
2,186
2
2,188
2,189
2
2,191
2,192
2
2,194
2,195
2
2,197
2,198
2
2,200
2,201
2
2,203
2,204
2
2,206
2,207
2
2,209
2,210
2
2,212
2,213
2
2,215
2,216
2
2,218
2,219
2
2,221
2,222
2
2,224
2,225
2
2,227
2,228
2
2,230
2,231
2
2,233
2,234
2
2,236
2,237
2
3,270,276,279
3,275,273,266,352
3,278,268,355
3,354,264,351,272
3,338,269,267,241,337,239,265,277,263,240,274,271,238
3,358,287,281,361
3,288,359,283
3,285,362
3,280,340,245,284,286,244,243,282,339
3,299,292,369
3,366,297,300,294
3,290,296,368,365
3,298,289,248,342,293,295,247,249,291,341
3,312,306,309,373
3,311,372,375,302
3,308,304,376
3,343,310,253,251,303,305,344,307,301,252
3,380,316,323,321
3,383,318,324
3,382,379,314,320
3,315,346,313,255,256,345,317,257,319,322
3,390,330,333
3,386,326,389,335
3,336,387,332,328
3,347,329,334,325,259,331,348,261,327,260
4,264
4
4,266
4
4,268
4
4,270
4
4,272
4,273
4
4,275
4,276
4
4,278
4,279
4
4,281
4
4,283
4
4,285
4
4,287
4,288
4
4,290
4
4,292
4
4,294
4
4,296
4,297
4
4,299
4,300
4
4,302
4
4,304
4
4,306
4
4,308
4,309
4
4,311
4,312
4
4,314
4
4,316
4
4,318
4
4,320
4,321
4
4,323
4,324
4
4,326
4
4,328
4
4,330
4
4,332
4,333
4
4,335
4,336
4
5,349
5,353
5,356
5,360
5,363
5,367
5,370
5,374
5,377
5,381
5,384
5,388
6,350
6,351
6,352
6
6,354
6,355
6
6,357
6,358
6,359
6
6,361
6,362
6
6,364
6,365
6,366
6
6,368
6,369
6
6,371
6,372
6,373
6
6,375
6,376
6
6,378
6,379
6,380
6
6,382
6,383
6
6,385
6,386
6,387
6
6,389
6,390
6
13,280,315,291
13,282,284
14,271,169,364,136,331,160,187,220,205,226,322,130,139,175,190,202,350,166,295,133,184,127,145,211,214,307,229,148,157,193,109,208,371,196,142,112,178,381,121,298,235,124,360,217,172,353,232,310,286,223,388,118,151,199,154,357,181,115,163
13,269
14,378,367,334,374,385,319
14,277,274
13,265,317,293,267,305,329
13,325,289,301,313
13,263,303,327