0
0
0
0
0,92
0,86
0,125,104
0
0,110,113
0,98,71
0,107,74
0,116
0
0
0
0
0
0
0
0
0
0,103
0,67
0,115
0,100
0,79
0,127
0,139
0,91
0,133
0,82
0
0,124
0,70
0,94
0,130
0,76
0,85
0,88
0,109
0,112
0,136
0,73
0,118
0,121
0,97
0,106
0
0
0
0,77,95,119,140,122
0,89,131
0,101
0,80
0,68
0,137,83,134
0,128
0
0
0
0
0
0
0
0
0
2,67
2,68
2
2,70
2,71
2
2,73
2,74
2
2,76
2,77
2
2,79
2,80
2
2,82
2,83
2
2,85
2,86
2
2,88
2,89
2
2,91
2,92
2
2,94
2,95
2
2,97
2,98
2
2,100
2,101
2
2,103
2,104
2
2,106
2,107
2
2,109
2,110
2
2,112
2,113
2
2,115
2,116
2
2,118
2,119
2
2,121
2,122
2
2,124
2,125
2
2,127
2,128
2
2,130
2,131
2
2,133
2,134
2
2,136
2,137
2
2,139
2,140
2
3,173,179,182
3,178,176,169,255
3,181,171,258
3,257,167,254,175
3,172,170,144,240,142,168,180,166,143,177,174,241,141
3,261,190,184,264
3,191,262,186
3,265,188
3,183,243,148,187,189,147,146,185,242
3,202,195,272
3,269,200,203,197
3,193,199,271,268
3,201,192,151,245,196,198,150,152,194,244
3,215,209,212,276
3,214,278,205,275
3,211,207,279
3,246,213,154,206,208,247,156,210,204,155
3,283,219,226,224
3,286,221,227
3,282,217,223,285
3,160,218,249,216,159,248,220,222,225,158
3,293,233,236
3,289,229,292,238
3,239,290,235,231
3,250,232,237,228,162,234,163,251,164,230
4,167
4
4,169
4
4,171
4
4,173
4
4,175
4,176
4
4,178
4,179
4
4,181
4,182
4
4,184
4
4,186
4
4,188
4
4,190
4,191
4
4,193
4
4,195
4
4,197
4
4,199
4,200
4
4,202
4,203
4
4,205
4
4,207
4
4,209
4
4,211
4,212
4
4,214
4,215
4
4,217
4
4,219
4
4,221
4
4,223
4,224
4
4,226
4,227
4
4,229
4
4,231
4
4,233
4
4,235
4,236
4
4,238
4,239
4
5,252
5,256
5,259
5,263
5,266
5,270
5,273
5,277
5,280
5,284
5,287
5,291
6,253
6,254
6,255
6
6,257
6,258
6
6,260
6,261
6,262
6
6,264
6,265
6
6,267
6,268
6,269
6
6,271
6,272
6
6,274
6,275
6,276
6
6,278
6,279
6
6,281
6,282
6,283
6
6,285
6,286
6
6,288
6,289
6,290
6
6,292
6,293
6
13,183,218,194
13,185,187
14,174,126,267,274,93,114,234,117,225,87,96,132,253,123,198,90,84,102,210,105,66,138,99,69,135,284,78,201,81,263,129,256,213,189,291,75,108,111,260,72,120
13,172
14,281,270,237,277,288,222
14,180,177
13,168,220,196,170,208,232
13,228,192,204,216
13,166,206,230