0
0
0
0
0
0
0
0
0
0,402
0
0
0,417
0,453,330,429,504
0,342,321,267
0,333
0
0,471,303
0,369
0
0,279,408,384
0
0,318,378
0
0,294
0,435,414,495
0,306,324,282
0,387,252
0,507
0,423,441
0,240
0,270,357,360
0,258
0,513
0,288
0,273
0
0,327,465,249
0
0,381,456
0
0
0
0
0
0
0
0
0
0
0
0
0
0
0
0
0
0
0
0
0
0
0
0
0
0
0
0
0
0
0
0
0,293
0,434
0,455
0,317
0,386
0,266
0,320
0,344
0,410
0,335
0,413
0,263
0,308
0,314
0,365
0,446
0,464
0,284
0,506
0,371
0,269
0,515
0,482
0,368
0,380
0,401
0,251
0,383
0,374
0,461
0,443
0,245
0,305
0,236
0,392
0,338
0,476
0,458
0,233
0,491
0,329
0,470
0,302
0,332
0,404
0,257
0,254
0,407
0,347
0,467
0,479
0,500
0,419
0,296
0,422
0,437
0,509
0,398
0,473
0,449
0,341
0,353
0,362
0,326
0,299
0,494
0,425
0,350
0,281
0,503
0,440
0,359
0,290
0,488
0,431
0,452
0,395
0,512
0,377
0,389
0,497
0,356
0,272
0,260
0,287
0,248
0,323
0,275
0,239
0
0,416
0,311
0,278
0,485
0,242
0,428
0,477
0
0,510
0,459,291,300,363
0
0,489,432,405
0,285,450,480
0,396,345,366
0,483
0,354,486
0,420
0,501
0
0
0,237,468,348
0,492,276
0,312,438,498,243
0,351,372
0
0,246
0,462
0,411
0,339,255
0,390
0,336,309,393
0,516,447
0,444
0,315
0
0,399,264,426
0,261
0,234,297,474,375
0
0
0
0
0
0
0
0
0
0
0
0
0
0
0
0
0
0
0
0
0
0
0
0
0
0
0
0
0
0
0
0
2,233
2,234
2
2,236
2,237
2
2,239
2,240
2
2,242
2,243
2
2,245
2,246
2
2,248
2,249
2
2,251
2,252
2
2,254
2,255
2
2,257
2,258
2
2,260
2,261
2
2,263
2,264
2
2,266
2,267
2
2,269
2,270
2
2,272
2,273
2
2,275
2,276
2
2,278
2,279
2
2,281
2,282
2
2,284
2,285
2
2,287
2,288
2
2,290
2,291
2
2,293
2,294
2
2,296
2,297
2
2,299
2,300
2
2,302
2,303
2
2,305
2,306
2
2,308
2,309
2
2,311
2,312
2
2,314
2,315
2
2,317
2,318
2
2,320
2,321
2
2,323
2,324
2
2,326
2,327
2
2,329
2,330
2
2,332
2,333
2
2,335
2,336
2
2,338
2,339
2
2,341
2,342
2
2,344
2,345
2
2,347
2,348
2
2,350
2,351
2
2,353
2,354
2
2,356
2,357
2
2,359
2,360
2
2,362
2,363
2
2,365
2,366
2
2,368
2,369
2
2,371
2,372
2
2,374
2,375
2
2,377
2,378
2
2,380
2,381
2
2,383
2,384
2
2,386
2,387
2
2,389
2,390
2
2,392
2,393
2
2,395
2,396
2
2,398
2,399
2
2,401
2,402
2
2,404
2,405
2
2,407
2,408
2
2,410
2,411
2
2,413
2,414
2
2,416
2,417
2
2,419
2,420
2
2,422
2,423
2
2,425
2,426
2
2,428
2,429
2
2,431
2,432
2
2,434
2,435
2
2,437
2,438
2
2,440
2,441
2
2,443
2,444
2
2,446
2,447
2
2,449
2,450
2
2,452
2,453
2
2,455
2,456
2
2,458
2,459
2
2,461
2,462
2
2,464
2,465
2
2,467
2,468
2
2,470
2,471
2
2,473
2,474
2
2,476
2,477
2
2,479
2,480
2
2,482
2,483
2
2,485
2,486
2
2,488
2,489
2
2,491
2,492
2
2,494
2,495
2
2,497
2,498
2
2,500
2,501
2
2,503
2,504
2
2,506
2,507
2
2,509
2,510
2
2,512
2,513
2
2,515
2,516
2
3,549,555,558
3,554,545,552,631
3,557,547,634
3,633,543,630,551
3,617,518,546,520,616,544,556,542,519,553,548,550,517
3,637,566,560,640
3,638,562,567
3,641,564
3,522,559,524,563,565,523,561,618,619
3,578,571,648
3,645,576,579,573
3,569,575,647,644
3,577,568,620,527,621,572,574,526,528,570
3,591,585,588,652
3,590,651,654,581
3,587,583,655
3,586,622,532,530,582,623,531,584,589,580
3,659,595,602,600
3,662,597,603
3,593,599,661,658
3,536,594,625,592,535,624,598,601,596,534
3,669,609,612
3,665,668,605,614
3,615,666,611,607
3,626,608,604,538,610,627,540,606,539,613
4,543
4
4,545
4
4,547
4
4,549
4
4,551
4,552
4
4,554
4,555
4
4,557
4,558
4
4,560
4
4,562
4
4,564
4
4,566
4,567
4
4,569
4
4,571
4
4,573
4
4,575
4,576
4
4,578
4,579
4
4,581
4
4,583
4
4,585
4
4,587
4,588
4
4,590
4,591
4
4,593
4
4,595
4
4,597
4
4,599
4,600
4
4,602
4,603
4
4,605
4
4,607
4
4,609
4
4,611
4,612
4
4,614
4,615
4
5,628
5,632
5,635
5,639
5,642
5,646
5,649
5,653
5,656
5,660
5,663
5,667
6,629
6,630
6,631
6
6,633
6,634
6
6,636
6,637
6,638
6
6,640
6,641
6
6,643
6,644
6,645
6
6,647
6,648
6
6,650
6,651
6,652
6
6,654
6,655
6
6,657
6,658
6,659
6
6,661
6,662
6
6,664
6,665
6,666
6
6,668
6,669
6
13,559,594,570
13,561,563
14,361,550,292,259,427,493,250,367,610,283,424,436,502,343,632,412,328,349,601,253,262,298,370,403,313,481,325,331,643,629,289,574,256,505,307,442,418,490,475,391,268,334,469,463,337,586,511,352,460,271,280,316,484,232,496,650,379,514,310,319,265,478,508,385,235,301,466,382,397,667,487,244,346,577,358,247,639,445,340,295,457,355,421,589,565,406,448,373,439,241,274,660,322,364,430,277,376,394,433,400,499,409,636,304,454,451,238,388,415,286,472
13,548
14,657,646,613,653,664,598
14,556,553
13,544,572,596,546,584,608
13,580,592,604,568
13,542,582,606