0
0
0
0
0
0
0
0,391
0,316
0
0,340
0,385
0,388
0,307,322
0,439
0,361
0,277
0,352
0,229
0,442
0,349,211,217
0,244
0,253,271,241
0,328
0,451,409,304
0,364,214
0
0
0
0,355
0,430
0,247,310
0,427,259,373
0
0
0
0
0
0
0
0
0
0
0
0
0
0
0
0
0
0
0
0
0
0
0
0
0
0
0
0
0
0
0,315
0,327
0,270
0,360
0,429
0,396
0,309
0,384
0,450
0,408
0,444
0,303
0,261
0,402
0,225
0,297
0,381
0,243
0,339
0,441
0,288
0,336
0,234
0,453
0,216
0,291
0,306
0,249
0,333
0,342
0,423
0,393
0,294
0,264
0,417
0,300
0,231
0,213
0,438
0,258
0,252
0,207
0,267
0,372
0,210
0,240
0,219
0,321
0,348
0,387
0,411
0,363
0,324
0,222
0,273
0,420
0,414
0,246
0,390
0,357
0,255
0,282
0,276
0,405
0,369
0,204
0,366
0,345
0,330
0,285
0,279
0,426
0,378
0,432
0,237
0,318
0,228
0,375
0,399
0,312
0,351
0,354
0,447
0,435
0,232,421,406
0,346
0,412
0,220,337,226
0,298
0,301,283,358,223,286
0,343,295,268
0,250,208,415
0,334
0
0,331,274
0,313,256
0,319
0,265
0
0
0,454,280,367
0,325
0
0
0,289,370,205,400
0,235,403,382,394
0,262,436
0,292,418,433
0,238
0,445,448,376
0
0,397,379,424
0
0
0
0
0
0
0
0
0
0
0
0
0
0
0
0
0
0
0
0
0
0
0
0
0
0
0
0
2,204
2,205
2
2,207
2,208
2
2,210
2,211
2
2,213
2,214
2
2,216
2,217
2
2,219
2,220
2
2,222
2,223
2
2,225
2,226
2
2,228
2,229
2
2,231
2,232
2
2,234
2,235
2
2,237
2,238
2
2,240
2,241
2
2,243
2,244
2
2,246
2,247
2
2,249
2,250
2
2,252
2,253
2
2,255
2,256
2
2,258
2,259
2
2,261
2,262
2
2,264
2,265
2
2,267
2,268
2
2,270
2,271
2
2,273
2,274
2
2,276
2,277
2
2,279
2,280
2
2,282
2,283
2
2,285
2,286
2
2,288
2,289
2
2,291
2,292
2
2,294
2,295
2
2,297
2,298
2
2,300
2,301
2
2,303
2,304
2
2,306
2,307
2
2,309
2,310
2
2,312
2,313
2
2,315
2,316
2
2,318
2,319
2
2,321
2,322
2
2,324
2,325
2
2,327
2,328
2
2,330
2,331
2
2,333
2,334
2
2,336
2,337
2
2,339
2,340
2
2,342
2,343
2
2,345
2,346
2
2,348
2,349
2
2,351
2,352
2
2,354
2,355
2
2,357
2,358
2
2,360
2,361
2
2,363
2,364
2
2,366
2,367
2
2,369
2,370
2
2,372
2,373
2
2,375
2,376
2
2,378
2,379
2
2,381
2,382
2
2,384
2,385
2
2,387
2,388
2
2,390
2,391
2
2,393
2,394
2
2,396
2,397
2
2,399
2,400
2
2,402
2,403
2
2,405
2,406
2
2,408
2,409
2
2,411
2,412
2
2,414
2,415
2
2,417
2,418
2
2,420
2,421
2
2,423
2,424
2
2,426
2,427
2
2,429
2,430
2
2,432
2,433
2
2,435
2,436
2
2,438
2,439
2
2,441
2,442
2
2,444
2,445
2
2,447
2,448
2
2,450
2,451
2
2,453
2,454
2
3,493,496,487
3,492,490,483,569
3,495,485,572
3,571,481,568,489
3,486,484,458,554,555,456,482,494,480,457,491,488,455
3,575,504,498,578
3,505,576,500
3,502,579
3,497,462,557,503,501,461,460,499,556
3,509,586,516
3,511,583,514,517
3,507,513,585,582
3,506,515,465,559,510,512,464,466,558,508
3,590,529,523,526
3,589,519,528,592
3,525,521,593
3,560,524,527,468,520,522,561,470,518,469
3,540,597,533,538
3,600,535,541
3,531,537,599,596
3,532,563,530,473,562,539,472,474,536,534
3,607,547,550
3,543,603,606,552
3,553,604,549,545
3,564,551,542,476,548,546,565,478,544,477
4,481
4
4,483
4
4,485
4
4,487
4
4,489
4,490
4
4,492
4,493
4
4,495
4,496
4
4,498
4
4,500
4
4,502
4
4,504
4,505
4
4,507
4
4,509
4
4,511
4
4,513
4,514
4
4,516
4,517
4
4,519
4
4,521
4
4,523
4
4,525
4,526
4
4,528
4,529
4
4,531
4
4,533
4
4,535
4
4,537
4,538
4
4,540
4,541
4
4,543
4
4,545
4
4,547
4
4,549
4,550
4
4,552
4,553
4
5,566
5,570
5,573
5,577
5,580
5,584
5,587
5,591
5,594
5,598
5,601
5,605
6,567
6,568
6,569
6
6,571
6,572
6
6,574
6,575
6,576
6
6,578
6,579
6
6,581
6,582
6,583
6
6,585
6,586
6
6,588
6,589
6,590
6
6,592
6,593
6
6,595
6,596
6,597
6
6,599
6,600
6
6,602
6,603
6,604
6
6,606
6,607
6
13,497,532,508
13,499,501
14,332,488,263,428,230,251,398,338,548,254,395,314,407,365,383,299,440,320,539,224,233,269,392,341,374,284,452,296,302,581,260,512,227,278,443,413,389,446,362,221,239,305,434,308,524,323,242,359,287,203,588,350,290,236,449,431,206,272,437,353,368,356,317,515,329,218,567,577,416,311,266,570,326,527,503,377,419,344,410,401,605,212,245,598,293,335,248,281,347,404,371,380,574,275,425,215,422,209,386,257
13,486
14,595,584,551,591,602,536
14,494,491
13,482,534,510,484,522,546
13,542,506,518,530
13,480,520,544