0
0
0,53,83
0,104,113
0,110,86
0,74,92,101
0,71,59
0,107
0,56,77
0
0
0
0
0
0
0
0,91
0,64
0,112
0,100
0,79
0,94
0,73
0,103
0,61
0,58
0,76
0,106
0,67
0,97
0,70
0,82
0,55
0,85
0,88
0,52
0,109
0,68
0,80
0,89
0,98
0,95
0,62,65
0
0
0
0
0
0
0
0
2,52
2,53
2
2,55
2,56
2
2,58
2,59
2
2,61
2,62
2
2,64
2,65
2
2,67
2,68
2
2,70
2,71
2
2,73
2,74
2
2,76
2,77
2
2,79
2,80
2
2,82
2,83
2
2,85
2,86
2
2,88
2,89
2
2,91
2,92
2
2,94
2,95
2
2,97
2,98
2
2,100
2,101
2
2,103
2,104
2
2,106
2,107
2
2,109
2,110
2
2,112
2,113
2
3,146,152,155
3,151,149,142,228
3,154,144,231
3,230,227,140,148
3,143,117,213,115,141,153,139,116,150,145,147,214,114
3,234,163,157,237
3,164,235,159
3,161,238
3,156,216,121,160,162,120,119,158,215
3,175,168,245
3,242,173,176,170
3,166,172,244,241
3,174,124,218,169,171,123,165,125,167,217
3,188,182,185,249
3,187,251,178,248
3,184,180,252
3,219,186,127,179,181,220,129,183,177,128
3,199,256,192,197
3,194,259,200
3,258,255,190,196
3,193,133,222,189,132,221,191,195,198,131
3,266,206,209
3,262,202,265,211
3,212,263,208,204
3,223,210,201,135,207,136,205,224,137,203
4,140
4
4,142
4
4,144
4
4,146
4
4,148
4,149
4
4,151
4,152
4
4,154
4,155
4
4,157
4
4,159
4
4,161
4
4,163
4,164
4
4,166
4
4,168
4
4,170
4
4,172
4,173
4
4,175
4,176
4
4,178
4
4,180
4
4,182
4
4,184
4,185
4
4,187
4,188
4
4,190
4
4,192
4
4,194
4
4,196
4,197
4
4,199
4,200
4
4,202
4
4,204
4
4,206
4
4,208
4,209
4
4,211
4,212
4
5,225
5,229
5,232
5,236
5,239
5,243
5,246
5,250
5,253
5,257
5,260
5,264
6,226
6,227
6,228
6
6,230
6,231
6
6,233
6,234
6,235
6
6,237
6,238
6
6,240
6,241
6,242
6
6,244
6,245
6
6,247
6,248
6,249
6
6,251
6,252
6
6,254
6,255
6,256
6
6,258
6,259
6
6,261
6,262
6,263
6
6,265
6,266
6
13,156,191,167
13,158,160
14,147,111,240,247,75,78,207,102,198,72,81,226,108,171,69,87,183,99,51,84,54,257,63,174,90,66,236,229,186,162,264,60,93,96,233,57,105
13,145
14,254,243,210,250,261,195
14,153,150
13,141,193,169,143,181,205
13,201,165,177,189
13,139,179,203