0
0
0
0
0
0,151,190
0,196
0,244
0,235,133
0,193,181,226
0,262
0,280,157,202,271
0
0,148
0,163,274
0
0
0,178
0,259
0,253
0,286,142,139,214
0,199,247
0,166,145
0
0
0
0
0
0
0
0
0
0
0
0
0
0
0
0
0
0
0,186
0,207
0,168
0,261
0,144
0,273
0,243
0,228
0,195
0,213
0,264
0,177
0,282
0,285
0,231
0
0,138
0,222
0,192
0,171
0,141
0,237
0,276
0,174
0,219
0,246
0,189
0,234
0,165
0,135
0,279
0,258
0,252
0,201
0,270
0,216
0,180
0,159
0,255
0,147
0,240
0,204
0,267
0,210
0,162
0,249
0,225
0,183
0,198
0,150
0,153
0
0,156
0,132
0
0,277,154
0,256
0,136
0,229,265,268
0,208
0
0,184,232
0,169
0,223,172
0,250,217
0,211
0,160
0
0,283,238
0,175,187,205
0,220,241
0
0
0
0
0
0
0
0
0
0
0
0
0
0
0
0
0
0
0
2,132
2,133
2
2,135
2,136
2
2,138
2,139
2
2,141
2,142
2
2,144
2,145
2
2,147
2,148
2
2,150
2,151
2
2,153
2,154
2
2,156
2,157
2
2,159
2,160
2
2,162
2,163
2
2,165
2,166
2
2,168
2,169
2
2,171
2,172
2
2,174
2,175
2
2,177
2,178
2
2,180
2,181
2
2,183
2,184
2
2,186
2,187
2
2,189
2,190
2
2,192
2,193
2
2,195
2,196
2
2,198
2,199
2
2,201
2,202
2
2,204
2,205
2
2,207
2,208
2
2,210
2,211
2
2,213
2,214
2
2,216
2,217
2
2,219
2,220
2
2,222
2,223
2
2,225
2,226
2
2,228
2,229
2
2,231
2,232
2
2,234
2,235
2
2,237
2,238
2
2,240
2,241
2
2,243
2,244
2
2,246
2,247
2
2,249
2,250
2
2,252
2,253
2
2,255
2,256
2
2,258
2,259
2
2,261
2,262
2
2,264
2,265
2
2,267
2,268
2
2,270
2,271
2
2,273
2,274
2
2,276
2,277
2
2,279
2,280
2
2,282
2,283
2
2,285
2,286
2
3,319,325,328
3,324,322,315,401
3,327,317,404
3,313,403,400,321
3,387,318,316,290,386,288,314,326,312,289,323,320,287
3,407,336,330,410
3,337,408,332
3,334,411
3,329,389,294,333,335,293,292,331,388
3,418,341,348
3,415,346,349,343
3,339,345,417,414
3,347,338,297,391,342,344,296,298,340,390
3,361,358,355,422
3,421,360,424,351
3,357,353,425
3,356,392,359,352,354,393,302,301,300,350
3,429,365,370,372
3,432,367,373
3,428,363,369,431
3,364,395,362,304,305,394,306,368,371,366
3,439,379,382
3,435,375,438,384
3,385,436,381,377
3,310,396,378,383,308,380,397,376,374,309
4,313
4
4,315
4
4,317
4
4,319
4
4,321
4,322
4
4,324
4,325
4
4,327
4,328
4
4,330
4
4,332
4
4,334
4
4,336
4,337
4
4,339
4
4,341
4
4,343
4
4,345
4,346
4
4,348
4,349
4
4,351
4
4,353
4
4,355
4
4,357
4,358
4
4,360
4,361
4
4,363
4
4,365
4
4,367
4
4,369
4,370
4
4,372
4,373
4
4,375
4
4,377
4
4,379
4
4,381
4,382
4
4,384
4,385
4
5,398
5,402
5,405
5,409
5,412
5,416
5,419
5,423
5,426
5,430
5,433
5,437
6,399
6,400
6,401
6
6,403
6,404
6
6,406
6,407
6,408
6
6,410
6,411
6
6,413
6,414
6,415
6
6,417
6,418
6
6,420
6,421
6,422
6
6,424
6,425
6
6,427
6,428
6,429
6
6,431
6,432
6
6,434
6,435
6,436
6
6,438
6,439
6
13,329,364,340
13,331,333
14,260,320,191,413,158,266,380,182,209,242,227,248,371,152,161,197,269,212,224,230,399,188,155,149,167,233,236,356,251,170,179,164,215,131,420,278,272,218,284,134,200,281,430,143,245,347,257,146,409,239,194,402,344,254,359,335,206,263,437,140,173,221,176,275,406,203,137,185
13,318
14,427,416,383,423,434,368
14,326,323
13,314,366,342,316,354,378
13,374,350,362,338
13,312,352,376