0
0
0
0
0
0,261,234,186
0
0,276
0,246
0,213
0,183,225
0,147,132
0
0,189
0,222
0,258
0,270,249
0
0,180
0,171,192,252
0
0,216,231,204
0
0
0
0
0
0
0
0
0
0
0
0
0
0
0
0
0
0,233
0,173
0,179
0,248
0,242
0,167
0,251
0,236
0,224
0,125
0,185
0,221
0,194
0,197
0,131
0,176
0,143
0,212
0,146
0,191
0,209
0,137
0,227
0,263
0,188
0,170
0,161
0,155
0,140
0,182
0,239
0,254
0,215
0,164
0,128
0,158
0,230
0,200
0,152
0,134
0,149
0,269
0,260
0,257
0,203
0,275
0,206
0,245
0,218
0,272
0,266
0,162
0
0,273,138
0,195,207,198
0,129
0,153
0,219,174
0,228,264,144,210
0,141,201,267
0,177
0
0,165,255
0
0,135
0,243
0,126,168,237
0,150,159,240,156
0
0
0
0
0
0
0
0
0
0
0
0
0
0
0
0
0
2,125
2,126
2
2,128
2,129
2
2,131
2,132
2
2,134
2,135
2
2,137
2,138
2
2,140
2,141
2
2,143
2,144
2
2,146
2,147
2
2,149
2,150
2
2,152
2,153
2
2,155
2,156
2
2,158
2,159
2
2,161
2,162
2
2,164
2,165
2
2,167
2,168
2
2,170
2,171
2
2,173
2,174
2
2,176
2,177
2
2,179
2,180
2
2,182
2,183
2
2,185
2,186
2
2,188
2,189
2
2,191
2,192
2
2,194
2,195
2
2,197
2,198
2
2,200
2,201
2
2,203
2,204
2
2,206
2,207
2
2,209
2,210
2
2,212
2,213
2
2,215
2,216
2
2,218
2,219
2
2,221
2,222
2
2,224
2,225
2
2,227
2,228
2
2,230
2,231
2
2,233
2,234
2
2,236
2,237
2
2,239
2,240
2
2,242
2,243
2
2,245
2,246
2
2,248
2,249
2
2,251
2,252
2
2,254
2,255
2
2,257
2,258
2
2,260
2,261
2
2,263
2,264
2
2,266
2,267
2
2,269
2,270
2
2,272
2,273
2
2,275
2,276
2
3,309,315,318
3,314,312,305,391
3,317,307,394
3,393,303,390,311
3,377,308,306,280,376,278,304,316,302,279,313,310,277
3,397,326,320,400
3,327,398,322
3,401,324
3,319,379,284,325,323,283,282,321,378
3,331,408,338
3,405,336,339,333
3,329,335,407,404
3,337,328,287,381,332,334,286,330,380,288
3,345,348,351,412
3,350,411,414,341
3,347,343,415
3,382,349,290,342,344,383,292,346,340,291
3,419,355,362,360
3,422,357,363
3,421,418,353,359
3,385,352,294,295,384,354,296,358,361,356
3,429,369,372
3,425,365,428,374
3,375,426,371,367
3,386,368,298,373,366,364,370,387,300,299
4,303
4
4,305
4
4,307
4
4,309
4
4,311
4,312
4
4,314
4,315
4
4,317
4,318
4
4,320
4
4,322
4
4,324
4
4,326
4,327
4
4,329
4
4,331
4
4,333
4
4,335
4,336
4
4,338
4,339
4
4,341
4
4,343
4
4,345
4
4,347
4,348
4
4,350
4,351
4
4,353
4
4,355
4
4,357
4
4,359
4,360
4
4,362
4,363
4
4,365
4
4,367
4
4,369
4
4,371
4,372
4
4,374
4,375
4
5,388
5,392
5,395
5,399
5,402
5,406
5,409
5,413
5,416
5,420
5,423
5,427
6,389
6,390
6,391
6
6,393
6,394
6
6,396
6,397
6,398
6
6,400
6,401
6
6,403
6,404
6,405
6
6,407
6,408
6
6,410
6,411
6,412
6
6,414
6,415
6
6,417
6,418
6,419
6
6,421
6,422
6
6,424
6,425
6,426
6
6,428
6,429
6
13,319,354,330
13,321,323
14,139,184,151,259,175,202,235,220,241,361,145,253,154,190,370,310,262,205,217,223,403,389,181,334,148,172,142,160,226,229,346,244,163,211,208,124,410,271,157,127,193,274,420,136,238,337,250,399,232,187,392,247,349,325,199,265,427,133,166,214,256,169,268,396,196,130,178
13,308
14,417,406,373,413,424,358
14,316,313
13,304,356,306,332,344,368
13,364,328,340,352
13,302,342,366