0
0
0
0
0
0
0
0,281,284
0,329,170
0,299,254
0,164
0,338
0,341,245
0,203,311
0,251
0
0,236,188
0,182,158,194,173,239
0,269,197
0,227
0,233,293,317
0,287
0,185
0,263,260
0,224,191
0,314,308,212
0
0
0
0
0
0
0
0
0
0
0
0
0
0
0
0
0
0
0
0
0
0
0,298
0,226
0,322
0,199
0,337
0,241
0,187
0,313
0,253
0,274
0,175
0,277
0,304
0,262
0,193
0,220
0,310
0,340
0,181
0,235
0,265
0,319
0,223
0,328
0,214
0,292
0,217
0,157
0,154
0,166
0,178
0,334
0,289
0,208
0,169
0,295
0,196
0,256
0,250
0,283
0,268
0,325
0,232
0,259
0,280
0,301
0,202
0,331
0,205
0,271
0,307
0,184
0,316
0,160
0,286
0,244
0,247
0,238
0,229
0,190
0,211
0,163
0,172
0,242,296,161,176
0,332
0
0,155,266
0,290,272,221
0,215
0,248
0,206
0,275
0
0,320,167
0,305,335,209,278
0,179
0
0,200
0,230
0
0,326,257,218
0,323,302
0
0
0
0
0
0
0
0
0
0
0
0
0
0
0
0
0
0
0
0
0
0
0
2,154
2,155
2
2,157
2,158
2
2,160
2,161
2
2,163
2,164
2
2,166
2,167
2
2,169
2,170
2
2,172
2,173
2
2,175
2,176
2
2,178
2,179
2
2,181
2,182
2
2,184
2,185
2
2,187
2,188
2
2,190
2,191
2
2,193
2,194
2
2,196
2,197
2
2,199
2,200
2
2,202
2,203
2
2,205
2,206
2
2,208
2,209
2
2,211
2,212
2
2,214
2,215
2
2,217
2,218
2
2,220
2,221
2
2,223
2,224
2
2,226
2,227
2
2,229
2,230
2
2,232
2,233
2
2,235
2,236
2
2,238
2,239
2
2,241
2,242
2
2,244
2,245
2
2,247
2,248
2
2,250
2,251
2
2,253
2,254
2
2,256
2,257
2
2,259
2,260
2
2,262
2,263
2
2,265
2,266
2
2,268
2,269
2
2,271
2,272
2
2,274
2,275
2
2,277
2,278
2
2,280
2,281
2
2,283
2,284
2
2,286
2,287
2
2,289
2,290
2
2,292
2,293
2
2,295
2,296
2
2,298
2,299
2
2,301
2,302
2
2,304
2,305
2
2,307
2,308
2
2,310
2,311
2
2,313
2,314
2
2,316
2,317
2
2,319
2,320
2
2,322
2,323
2
2,325
2,326
2
2,328
2,329
2
2,331
2,332
2
2,334
2,335
2
2,337
2,338
2
2,340
2,341
2
3,380,383,374
3,379,377,370,456
3,382,372,459
3,458,455,368,376
3,442,373,371,345,441,343,369,381,367,344,378,375,342
3,462,391,385,465
3,463,387,392
3,466,389
3,384,349,444,388,390,348,347,386,443
3,396,473,403
3,470,401,404,398
3,394,400,472,469
3,402,393,352,446,397,399,351,395,445,353
3,416,410,413,477
3,415,476,479,406
3,412,408,480
3,447,414,355,407,409,448,357,411,405,356
3,484,420,427,425
3,422,487,428
3,483,418,424,486
3,361,419,450,417,359,360,449,423,426,421
3,494,434,437
3,490,430,493,439
3,440,491,436,432
3,451,433,429,363,435,438,452,365,431,364
4,368
4
4,370
4
4,372
4
4,374
4
4,376
4,377
4
4,379
4,380
4
4,382
4,383
4
4,385
4
4,387
4
4,389
4
4,391
4,392
4
4,394
4
4,396
4
4,398
4
4,400
4,401
4
4,403
4,404
4
4,406
4
4,408
4
4,410
4
4,412
4,413
4
4,415
4,416
4
4,418
4
4,420
4
4,422
4
4,424
4,425
4
4,427
4,428
4
4,430
4
4,432
4
4,434
4
4,436
4,437
4
4,439
4,440
4
5,453
5,457
5,460
5,464
5,467
5,471
5,474
5,478
5,481
5,485
5,488
5,492
6,454
6,455
6,456
6
6,458
6,459
6
6,461
6,462
6,463
6
6,465
6,466
6
6,468
6,469
6,470
6
6,472
6,473
6
6,475
6,476
6,477
6
6,479
6,480
6
6,482
6,483
6,484
6
6,486
6,487
6
6,489
6,490
6,491
6
6,493
6,494
6
13,384,419,395
13,386,388
14,282,375,213,468,180,288,435,204,231,333,249,270,426,174,183,219,276,291,324,207,234,246,252,210,399,177,228,339,312,171,189,255,258,411,273,192,201,309,237,153,475,300,240,186,306,156,222,303,318,165,267,402,168,454,464,261,216,457,414,264,390,327,294,492,162,195,485,243,285,198,297,315,321,330,461,225,159,336,279
13,373
14,482,471,438,478,489,423
14,381,378
13,369,421,397,371,409,433
13,393,429,405,417
13,367,407,431