0
0
0
0
0
0
0
0,197,356
0,284,245
0,290,332
0,254,404,383
0,401
0,368,281,278
0
0,221,233
0
0,392,413
0
0,272
0,323,212
0
0
0,257
0
0,218,326,215,335
0,191
0,230,353
0,239
0,224,296,311
0,263
0,242,389,194,377
0
0,347
0
0
0
0
0
0
0
0
0
0
0
0
0
0
0
0
0
0
0
0
0
0
0
0
0
0
0,373
0,325
0,265
0,226
0,292
0,334
0,385
0,208
0,367
0,364
0,343
0,358
0,346
0,232
0,271
0,409
0,316
0,202
0,319
0,193
0,415
0,379
0,313
0,403
0,274
0,238
0,349
0,361
0,391
0,259
0,280
0,298
0,199
0,328
0,295
0,214
0,406
0,253
0,220
0,376
0,250
0,256
0,310
0,244
0
0,217
0,412
0,190
0,352
0,283
0,397
0,268
0,211
0,337
0,400
0,340
0
0,241
0,277
0,304
0,235
0,223
0,262
0,370
0,205
0,289
0,322
0,307
0,229
0,331
0,247
0,388
0,301
0,196
0,382
0,286
0,394
0,355
0
0,308,380,407
0
0,248,269,329
0
0,386
0,266
0,395
0,320,200,362,275,251
0,287
0
0,416,260
0,374
0,227,314
0,203,350
0
0,293,365,338,236
0
0,359,209,344,305,299,371,206,302
0,317
0
0,410
0
0,341
0
0,398
0
0
0
0
0
0
0
0
0
0
0
0
0
0
0
0
0
0
0
0
0
0
0
0
0
0
2,190
2,191
2
2,193
2,194
2
2,196
2,197
2
2,199
2,200
2
2,202
2,203
2
2,205
2,206
2
2,208
2,209
2
2,211
2,212
2
2,214
2,215
2
2,217
2,218
2
2,220
2,221
2
2,223
2,224
2
2,226
2,227
2
2,229
2,230
2
2,232
2,233
2
2,235
2,236
2
2,238
2,239
2
2,241
2,242
2
2,244
2,245
2
2,247
2,248
2
2,250
2,251
2
2,253
2,254
2
2,256
2,257
2
2,259
2,260
2
2,262
2,263
2
2,265
2,266
2
2,268
2,269
2
2,271
2,272
2
2,274
2,275
2
2,277
2,278
2
2,280
2,281
2
2,283
2,284
2
2,286
2,287
2
2,289
2,290
2
2,292
2,293
2
2,295
2,296
2
2,298
2,299
2
2,301
2,302
2
2,304
2,305
2
2,307
2,308
2
2,310
2,311
2
2,313
2,314
2
2,316
2,317
2
2,319
2,320
2
2,322
2,323
2
2,325
2,326
2
2,328
2,329
2
2,331
2,332
2
2,334
2,335
2
2,337
2,338
2
2,340
2,341
2
2,343
2,344
2
2,346
2,347
2
2,349
2,350
2
2,352
2,353
2
2,355
2,356
2
2,358
2,359
2
2,361
2,362
2
2,364
2,365
2
2,367
2,368
2
2,370
2,371
2
2,373
2,374
2
2,376
2,377
2
2,379
2,380
2
2,382
2,383
2
2,385
2,386
2
2,388
2,389
2
2,391
2,392
2
2,394
2,395
2
2,397
2,398
2
2,400
2,401
2
2,403
2,404
2
2,406
2,407
2
2,409
2,410
2
2,412
2,413
2
2,415
2,416
2
3,449,455,458
3,454,452,445,531
3,457,447,534
3,533,443,530,451
3,517,448,444,446,420,516,418,456,442,419,453,450,417
3,537,466,460,540
3,467,538,462
3,464,541
3,459,424,519,463,465,422,423,461,518
3,471,548,478
3,545,476,479,473
3,469,544,475,547
3,477,468,520,427,521,474,426,470,472,428
3,491,485,488,552
3,490,551,554,481
3,487,483,555
3,486,522,480,489,432,430,482,484,523,431
3,559,495,502,500
3,562,497,503
3,493,499,561,558
3,436,494,525,492,434,435,524,498,501,496
3,569,509,512
3,565,505,568,514
3,515,566,511,507
3,526,508,513,506,504,438,527,440,510,439
4,443
4
4,445
4
4,447
4
4,449
4
4,451
4,452
4
4,454
4,455
4
4,457
4,458
4
4,460
4
4,462
4
4,464
4
4,466
4,467
4
4,469
4
4,471
4
4,473
4
4,475
4,476
4
4,478
4,479
4
4,481
4
4,483
4
4,485
4
4,487
4,488
4
4,490
4,491
4
4,493
4
4,495
4
4,497
4
4,499
4,500
4
4,502
4,503
4
4,505
4
4,507
4
4,509
4
4,511
4,512
4
4,514
4,515
4
5,528
5,532
5,535
5,539
5,542
5,546
5,549
5,553
5,556
5,560
5,563
5,567
6,529
6,530
6,531
6
6,533
6,534
6
6,536
6,537
6,538
6
6,540
6,541
6
6,543
6,544
6,545
6
6,547
6,548
6
6,550
6,551
6,552
6
6,554
6,555
6
6,557
6,558
6,559
6
6,561
6,562
6
6,564
6,565
6,566
6
6,568
6,569
6
13,459,494,470
13,461,463
14,539,297,318,249,543,216,237,384,324,240,267,381,300,393,369,285,306,501,210,219,255,450,327,360,282,288,246,264,399,375,348,207,225,291,279,294,486,309,536,228,270,345,273,189,550,510,336,396,276,222,411,342,192,339,354,201,408,303,477,315,204,529,402,252,414,532,258,474,560,312,378,489,465,213,363,405,330,567,198,231,321,387,234,333,351,390,357,366,261,195,372,243
13,448
14,557,513,553,564,546,498
14,456,453
13,444,496,472,446,484,508
13,504,468,480,492
13,442,482,506