0
0
0
0
0
0
0
0
0,292
0,298,202
0
0,214,280,331
0,346,193
0,220,307,205,199
0,382,274,361
0,184,319
0,403
0,196,367
0
0,268,394,256
0,247
0
0,316
0,250,232
0
0,295,190
0,385
0
0,304,259
0,349
0
0,397,283,313
0
0
0
0
0
0
0
0
0
0
0
0
0
0
0
0
0
0
0
0
0
0
0
0
0
0
0,330
0,246
0,312
0,369
0,294
0,336
0,258
0,279
0,345
0,201
0,192
0,393
0,234
0,327
0,276
0,351
0,288
0,240
0,225
0,255
0,270
0,261
0,390
0,306
0,303
0,339
0,282
0,318
0,321
0,267
0,183
0,333
0,249
0,237
0,216
0,189
0,231
0,210
0,315
0,384
0,213
0,372
0,285
0,396
0,348
0,354
0,222
0,342
0,228
0,243
0,375
0,309
0,360
0,378
0,297
0,366
0,204
0,357
0,324
0,273
0,252
0,198
0,186
0,291
0,381
0,219
0,264
0,363
0,207
0,399
0,402
0,195
0,387
0,300
0,322,217,388
0,241
0,400,391,238,301
0,244,379
0,376
0
0
0,271,226,223
0
0,355,325
0,334
0,187,235
0
0,262,352,337,373
0
0,289
0,370
0
0,364,286
0,253
0,340
0,208
0
0,229,211,358
0,310,277,343,265,328
0
0
0
0
0
0
0
0
0
0
0
0
0
0
0
0
0
0
0
0
0
0
0
0
0
2,183
2,184
2
2,186
2,187
2
2,189
2,190
2
2,192
2,193
2
2,195
2,196
2
2,198
2,199
2
2,201
2,202
2
2,204
2,205
2
2,207
2,208
2
2,210
2,211
2
2,213
2,214
2
2,216
2,217
2
2,219
2,220
2
2,222
2,223
2
2,225
2,226
2
2,228
2,229
2
2,231
2,232
2
2,234
2,235
2
2,237
2,238
2
2,240
2,241
2
2,243
2,244
2
2,246
2,247
2
2,249
2,250
2
2,252
2,253
2
2,255
2,256
2
2,258
2,259
2
2,261
2,262
2
2,264
2,265
2
2,267
2,268
2
2,270
2,271
2
2,273
2,274
2
2,276
2,277
2
2,279
2,280
2
2,282
2,283
2
2,285
2,286
2
2,288
2,289
2
2,291
2,292
2
2,294
2,295
2
2,297
2,298
2
2,300
2,301
2
2,303
2,304
2
2,306
2,307
2
2,309
2,310
2
2,312
2,313
2
2,315
2,316
2
2,318
2,319
2
2,321
2,322
2
2,324
2,325
2
2,327
2,328
2
2,330
2,331
2
2,333
2,334
2
2,336
2,337
2
2,339
2,340
2
2,342
2,343
2
2,345
2,346
2
2,348
2,349
2
2,351
2,352
2
2,354
2,355
2
2,357
2,358
2
2,360
2,361
2
2,363
2,364
2
2,366
2,367
2
2,369
2,370
2
2,372
2,373
2
2,375
2,376
2
2,378
2,379
2
2,381
2,382
2
2,384
2,385
2
2,387
2,388
2
2,390
2,391
2
2,393
2,394
2
2,396
2,397
2
2,399
2,400
2
2,402
2,403
2
3,442,445,436
3,441,439,432,518
3,444,434,521
3,520,430,517,438
3,504,435,431,433,407,503,437,429,443,405,406,440,404
3,524,453,527,447
3,525,449,454
3,451,528
3,446,411,450,506,452,410,409,448,505
3,458,535,465
3,460,532,463,466
3,456,462,534,531
3,455,464,414,508,459,461,413,415,457,507
3,478,472,475,539
3,477,538,541,468
3,474,470,542
3,509,417,476,469,471,510,419,473,467,418
3,546,482,489,487
3,549,484,490
3,545,480,486,548
3,512,479,422,511,481,485,488,483,421,423
3,556,496,499
3,552,492,555,501
3,502,553,498,494
3,497,513,495,514,491,425,500,427,493,426
4,430
4
4,432
4
4,434
4
4,436
4
4,438
4,439
4
4,441
4,442
4
4,444
4,445
4
4,447
4
4,449
4
4,451
4
4,453
4,454
4
4,456
4
4,458
4
4,460
4
4,462
4,463
4
4,465
4,466
4
4,468
4
4,470
4
4,472
4
4,474
4,475
4
4,477
4,478
4
4,480
4
4,482
4
4,484
4
4,486
4,487
4
4,489
4,490
4
4,492
4
4,494
4
4,496
4
4,498
4,499
4
4,501
4,502
4
5,515
5,519
5,522
5,526
5,529
5,533
5,536
5,540
5,543
5,547
5,550
5,554
6,516
6,517
6,518
6
6,520
6,521
6
6,523
6,524
6,525
6
6,527
6,528
6
6,530
6,531
6,532
6
6,534
6,535
6
6,537
6,538
6,539
6
6,541
6,542
6
6,544
6,545
6,546
6
6,548
6,549
6
6,551
6,552
6,553
6
6,555
6,556
6
13,446,457,481
13,448,450
14,197,526,395,311,242,530,209,230,317,233,260,374,293,386,344,362,278,299,488,203,212,248,320,353,263,275,281,516,239,461,206,257,368,341,218,284,287,473,302,338,377,266,182,537,497,329,269,215,335,185,251,332,347,194,401,296,464,308,221,290,245,519,547,305,371,476,452,356,398,323,389,380,554,191,224,272,314,392,227,326,383,350,359,523,254,236,437,188,365,200
13,435
14,544,533,500,540,551,485
14,443,440
13,431,483,459,471,433,495
13,467,491,455,479
13,469,493,429