0
0
0,43
0,34,52,55
0,49
0
0
0
0
0,42
0,54
0,30
0,33
0,45
0,48
0
0,51
0,57
0,39
0,36
0,60
0,61
0,31,58,40
0
0,46,37
0
0
0
0
2,30
2,31
2
2,33
2,34
2
2,36
2,37
2
2,39
2,40
2
2,42
2,43
2
2,45
2,46
2
2,48
2,49
2
2,51
2,52
2
2,54
2,55
2
2,57
2,58
2
2,60
2,61
2
3,94,100,103
3,97,90,99,176
3,92,102,179
3,175,178,88,96
3,98,162,64,87,101,93,91,65,95,161,63,62,89
3,185,105,182,111
3,183,107,112
3,186,109
3,106,108,110,164,68,163,67,104,69
3,116,193,123
3,121,124,118,190
3,192,114,189,120
3,122,113,72,165,119,166,71,117,73,115
3,130,133,136,197
3,135,199,126,196
3,132,128,200
3,77,125,75,167,131,76,127,129,134,168
3,145,147,204,140
3,142,207,148
3,206,203,138,144
3,141,143,80,146,170,169,79,137,81,139
3,157,214,154
3,210,150,159,213
3,156,160,152,211
3,85,155,158,83,171,84,153,172,149,151
4,88
4
4,90
4
4,92
4
4,94
4
4,96
4,97
4
4,99
4,100
4
4,102
4,103
4
4,105
4
4,107
4
4,109
4
4,111
4,112
4
4,114
4
4,116
4
4,118
4
4,120
4,121
4
4,123
4,124
4
4,126
4
4,128
4
4,130
4
4,132
4,133
4
4,135
4,136
4
4,138
4
4,140
4
4,142
4
4,144
4,145
4
4,147
4,148
4
4,150
4
4,152
4
4,154
4
4,156
4,157
4
4,159
4,160
4
5,173
5,177
5,180
5,184
5,187
5,191
5,194
5,198
5,201
5,205
5,208
5,212
6,174
6,175
6,176
6
6,178
6,179
6
6,181
6,182
6,183
6
6,185
6,186
6
6,188
6,189
6,190
6
6,192
6,193
6
6,195
6,196
6,197
6
6,199
6,200
6
6,202
6,203
6,204
6
6,206
6,207
6
6,209
6,210
6,211
6
6,213
6,214
6
13,104,139,115
13,106,108
14,29,38,119,195,53,95,188,56,47,181,32,205,212,41,122,131,44,174,184,177,146,35,50,134,59,155,110
13,93
14,158,198,202,143,191,209
14,98,101
13,89,141,91,129,117,153
13,149,125,137,113
13,127,87,151