0
0
0
0
0,193
0
0
0,247
0,172,232
0,166,256,241,160
0,217
0,148
0,121,229,235,220,151,178
0
0,244,133
0
0
0
0,184
0,124,163,208,175,253
0
0
0
0
0
0
0
0
0
0
0
0
0
0
0
0
0,171
0,255
0,207
0,147
0,237
0
0,228
0,252
0,177
0,186
0,234
0,240
0,162
0,195
0,141
0,213
0,222
0,138
0,153
0,168
0,201
0,165
0,231
0,216
0,192
0,219
0,144
0,123
0,156
0,120
0,150
0,129
0,210
0,204
0,126
0,189
0,135
0,198
0,117
0,183
0,180
0,159
0,246
0,249
0,225
0,174
0,243
0,132
0
0,199
0,136,187
0
0,250
0,154,118,202
0
0
0
0,157,211
0,181,196,169,145,127
0,226,205
0,142,223,190
0,139,214
0,238,130
0
0
0
0
0
0
0
0
0
0
0
0
0
0
0
0
0
2,117
2,118
2
2,120
2,121
2
2,123
2,124
2
2,126
2,127
2
2,129
2,130
2
2,132
2,133
2
2,135
2,136
2
2,138
2,139
2
2,141
2,142
2
2,144
2,145
2
2,147
2,148
2
2,150
2,151
2
2,153
2,154
2
2,156
2,157
2
2,159
2,160
2
2,162
2,163
2
2,165
2,166
2
2,168
2,169
2
2,171
2,172
2
2,174
2,175
2
2,177
2,178
2
2,180
2,181
2
2,183
2,184
2
2,186
2,187
2
2,189
2,190
2
2,192
2,193
2
2,195
2,196
2
2,198
2,199
2
2,201
2,202
2
2,204
2,205
2
2,207
2,208
2
2,210
2,211
2
2,213
2,214
2
2,216
2,217
2
2,219
2,220
2
2,222
2,223
2
2,225
2,226
2
2,228
2,229
2
2,231
2,232
2
2,234
2,235
2
2,237
2,238
2
2,240
2,241
2
2,243
2,244
2
2,246
2,247
2
2,249
2,250
2
2,252
2,253
2
2,255
2,256
2
3,289,295,298
3,294,292,285,371
3,297,287,374
3,373,283,370,291
3,357,288,286,260,356,258,284,296,282,259,293,290,257
3,377,306,300,380
3,307,378,302
3,304,381
3,299,359,264,303,305,263,262,301,358
3,311,388,318
3,385,316,319,313
3,309,315,387,384
3,317,308,267,361,312,314,266,268,310,360
3,331,325,328,392
3,330,391,394,321
3,327,323,395
3,362,329,270,322,324,363,272,326,320,271
3,399,335,342,340
3,337,402,343
3,398,333,339,401
3,276,334,365,332,274,275,364,336,338,341
3,409,349,352
3,405,345,408,354
3,355,406,351,347
3,366,348,367,278,353,344,350,280,346,279
4,283
4
4,285
4
4,287
4
4,289
4
4,291
4,292
4
4,294
4,295
4
4,297
4,298
4
4,300
4
4,302
4
4,304
4
4,306
4,307
4
4,309
4
4,311
4
4,313
4
4,315
4,316
4
4,318
4,319
4
4,321
4
4,323
4
4,325
4
4,327
4,328
4
4,330
4,331
4
4,333
4
4,335
4
4,337
4
4,339
4,340
4
4,342
4,343
4
4,345
4
4,347
4
4,349
4
4,351
4,352
4
4,354
4,355
4
5,368
5,372
5,375
5,379
5,382
5,386
5,389
5,393
5,396
5,400
5,403
5,407
6,369
6,370
6,371
6
6,373
6,374
6
6,376
6,377
6,378
6
6,380
6,381
6
6,383
6,384
6,385
6
6,387
6,388
6
6,390
6,391
6,392
6
6,394
6,395
6
6,397
6,398
6,399
6
6,401
6,402
6
6,404
6,405
6,406
6
6,408
6,409
6
13,299,334,310
13,301,303
14,245,290,176,143,251,350,167,194,227,212,233,341,137,146,182,254,197,209,215,383,369,173,314,140,164,134,152,218,221,326,236,155,200,116,390,203,149,119,185,128,230,317,242,131,379,224,179,372,239,329,305,191,407,125,158,400,206,248,161,376,188,170,122
13,288
14,397,386,353,393,404,338
14,296,293
13,284,336,312,286,324,348
13,344,308,320,332
13,282,322,346