0
0
0
0
0
0
0
0
0,459
0,354
0,267,246,510
0,243,396,234
0
0,273
0,381,426,417
0,387
0,291,342
0,402
0,327,453
0,447
0
0,507
0,477
0,504,444
0,498,441
0,465
0,345,423,276
0
0
0,297
0,357,414
0
0,471,282
0,501,393
0,240,369
0,348
0,303
0
0,390,429,462
0,438,519
0
0
0
0
0
0
0
0
0
0
0
0
0
0
0
0
0
0
0
0
0
0
0
0
0
0
0
0
0
0
0
0
0,443
0,272
0,497
0,428
0,359
0,374
0,437
0,248
0,491
0,434
0,281
0,404
0,338
0,512
0,506
0,482
0,254
0,284
0,470
0,494
0,236
0,425
0,341
0,371
0,419
0,368
0,509
0,323
0,440
0,362
0,344
0,422
0,353
0,515
0,410
0,296
0,407
0,518
0,455
0,332
0,329
0,239
0,503
0,500
0,413
0,233
0,242
0,266
0,365
0,458
0,386
0,287
0,473
0,356
0,401
0,392
0,326
0,269
0,314
0,257
0,245
0,449
0,380
0,452
0,464
0,416
0,275
0,317
0,431
0,278
0,398
0,383
0,347
0,395
0,350
0,251
0,299
0,389
0,485
0,488
0,290
0,320
0,467
0,476
0,335
0,302
0,479
0,263
0,308
0,311
0,293
0,377
0,446
0,461
0,305
0,260
0,411,456,270
0,300
0,474,330,351
0,375
0,261,432,399,384
0,339
0,435
0,309,408
0,252
0,249,480
0
0,306
0,312,318,366
0,492,258
0,495,324,363,264
0,315,468
0,420
0
0,279
0,372
0,288
0,333,486,489
0,360,321,294
0
0,237
0,378
0,405,513
0,516
0,336
0,450,255
0,483
0,285
0
0
0
0
0
0
0
0
0
0
0
0
0
0
0
0
0
0
0
0
0
0
0
0
0
0
0
0
0
0
0
0
2,233
2,234
2
2,236
2,237
2
2,239
2,240
2
2,242
2,243
2
2,245
2,246
2
2,248
2,249
2
2,251
2,252
2
2,254
2,255
2
2,257
2,258
2
2,260
2,261
2
2,263
2,264
2
2,266
2,267
2
2,269
2,270
2
2,272
2,273
2
2,275
2,276
2
2,278
2,279
2
2,281
2,282
2
2,284
2,285
2
2,287
2,288
2
2,290
2,291
2
2,293
2,294
2
2,296
2,297
2
2,299
2,300
2
2,302
2,303
2
2,305
2,306
2
2,308
2,309
2
2,311
2,312
2
2,314
2,315
2
2,317
2,318
2
2,320
2,321
2
2,323
2,324
2
2,326
2,327
2
2,329
2,330
2
2,332
2,333
2
2,335
2,336
2
2,338
2,339
2
2,341
2,342
2
2,344
2,345
2
2,347
2,348
2
2,350
2,351
2
2,353
2,354
2
2,356
2,357
2
2,359
2,360
2
2,362
2,363
2
2,365
2,366
2
2,368
2,369
2
2,371
2,372
2
2,374
2,375
2
2,377
2,378
2
2,380
2,381
2
2,383
2,384
2
2,386
2,387
2
2,389
2,390
2
2,392
2,393
2
2,395
2,396
2
2,398
2,399
2
2,401
2,402
2
2,404
2,405
2
2,407
2,408
2
2,410
2,411
2
2,413
2,414
2
2,416
2,417
2
2,419
2,420
2
2,422
2,423
2
2,425
2,426
2
2,428
2,429
2
2,431
2,432
2
2,434
2,435
2
2,437
2,438
2
2,440
2,441
2
2,443
2,444
2
2,446
2,447
2
2,449
2,450
2
2,452
2,453
2
2,455
2,456
2
2,458
2,459
2
2,461
2,462
2
2,464
2,465
2
2,467
2,468
2
2,470
2,471
2
2,473
2,474
2
2,476
2,477
2
2,479
2,480
2
2,482
2,483
2
2,485
2,486
2
2,488
2,489
2
2,491
2,492
2
2,494
2,495
2
2,497
2,498
2
2,500
2,501
2
2,503
2,504
2
2,506
2,507
2
2,509
2,510
2
2,512
2,513
2
2,515
2,516
2
2,518
2,519
2
3,552,558,561
3,557,555,548,634
3,560,550,637
3,636,546,633,554
3,556,620,551,549,523,619,547,559,545,521,522,553,520
3,640,569,563,643
3,641,565,570
3,644,567
3,525,562,527,622,566,568,526,564,621
3,574,651,581
3,579,648,582,576
3,572,578,650,647
3,580,571,530,624,575,577,529,531,623,573
3,594,588,591,655
3,593,654,657,584
3,590,586,658
3,625,589,592,533,585,535,587,626,534,583
3,662,598,603,605
3,665,606,600
3,596,602,664,661
3,597,628,595,537,538,627,539,601,604,599
3,672,612,615
3,668,608,671,617
3,618,669,614,610
3,629,611,616,542,607,541,613,630,543,609
4,546
4
4,548
4
4,550
4
4,552
4
4,554
4,555
4
4,557
4,558
4
4,560
4,561
4
4,563
4
4,565
4
4,567
4
4,569
4,570
4
4,572
4
4,574
4
4,576
4
4,578
4,579
4
4,581
4,582
4
4,584
4
4,586
4
4,588
4
4,590
4,591
4
4,593
4,594
4
4,596
4
4,598
4
4,600
4
4,602
4,603
4
4,605
4,606
4
4,608
4
4,610
4
4,612
4
4,614
4,615
4
4,617
4,618
4
5,631
5,635
5,638
5,642
5,645
5,649
5,652
5,656
5,659
5,663
5,666
5,670
6,632
6,633
6,634
6
6,636
6,637
6
6,639
6,640
6,641
6
6,643
6,644
6
6,646
6,647
6,648
6
6,650
6,651
6
6,653
6,654
6,655
6
6,657
6,658
6
6,660
6,661
6,662
6
6,664
6,665
6
6,667
6,668
6,669
6
6,671
6,672
6
13,597,562,573
13,564,566
14,247,361,553,292,646,457,259,517,280,427,493,613,310,424,343,436,502,412,635,328,349,604,253,262,298,370,313,481,325,331,632,289,577,256,307,442,418,490,475,391,250,268,334,469,463,337,589,511,352,460,271,403,367,388,316,484,232,496,653,379,319,265,478,508,385,235,301,466,382,397,487,244,451,346,580,358,642,445,340,295,355,421,592,505,568,406,448,514,373,439,283,670,241,274,663,322,364,430,472,277,376,394,433,400,499,409,639,304,454,286,238,415
13,551
14,660,616,656,649,667,601
14,556,559
13,547,599,575,549,587,611
13,595,607,571,583
13,585,609,545