0
0,49
0,46
0,34,37
0
0
0
0
0
0,42
0,48
0
0,51
0,45
0,39
0,30
0,57
0,33
0,36
0,54
0
0,58
0
0,43,31
0,52,40,55
0
0
0
0
2,30
2,31
2
2,33
2,34
2
2,36
2,37
2
2,39
2,40
2
2,42
2,43
2
2,45
2,46
2
2,48
2,49
2
2,51
2,52
2
2,54
2,55
2
2,57
2,58
2
3,91,97,100
3,94,87,96,173
3,89,99,176
3,172,175,85,93
3,98,159,61,84,95,90,88,62,92,60,158,59,86
3,182,108,102,179
3,180,104,109
3,106,183
3,103,105,107,161,65,160,64,101,66
3,113,190,120
3,118,121,115,187
3,117,189,111,186
3,119,110,69,112,68,162,116,163,114,70
3,130,194,133,127
3,132,196,123,193
3,129,197,125
3,74,122,72,131,164,128,73,124,126,165
3,142,144,201,137
3,139,204,145
3,203,200,135,141
3,138,140,77,143,167,166,76,134,78,136
3,154,211,151
3,156,207,210,147
3,153,157,149,208
3,152,82,155,168,81,150,169,80,146,148
4,85
4
4,87
4
4,89
4
4,91
4
4,93
4,94
4
4,96
4,97
4
4,99
4,100
4
4,102
4
4,104
4
4,106
4
4,108
4,109
4
4,111
4
4,113
4
4,115
4
4,117
4,118
4
4,120
4,121
4
4,123
4
4,125
4
4,127
4
4,129
4,130
4
4,132
4,133
4
4,135
4
4,137
4
4,139
4
4,141
4,142
4
4,144
4,145
4
4,147
4
4,149
4
4,151
4
4,153
4,154
4
4,156
4,157
4
5,170
5,174
5,177
5,181
5,184
5,188
5,191
5,195
5,198
5,202
5,205
5,209
6,171
6,172
6,173
6
6,175
6,176
6
6,178
6,179
6,180
6
6,182
6,183
6
6,185
6,186
6,187
6
6,189
6,190
6
6,192
6,193
6,194
6
6,196
6,197
6
6,199
6,200
6,201
6
6,203
6,204
6
6,206
6,207
6,208
6
6,210
6,211
6
13,101,136,112
13,103,105
14,29,38,116,192,185,56,47,178,32,171,202,209,41,119,128,44,181,174,143,50,35,131,152,107,53,92
13,90
14,199,206,140,195,188,155
14,95,98
13,86,138,88,114,126,150
13,146,122,134,110
13,124,84,148