0
0
0
0
0
0
0
0
0
0,406,478
0,370
0,274
0,304
0,427
0,277
0,220
0
0,442,307
0,241
0
0,289,247
0,388,433
0
0,331,313,397
0
0,385,430
0,337
0,418
0,310
0,391,223,466,394,460
0,349,286
0,355
0,265
0,232
0,367
0,244,445
0,256
0,271,295,292,415
0
0
0
0
0
0
0
0
0
0
0
0
0
0
0
0
0
0
0
0
0
0
0
0
0
0
0
0
0
0
0,324
0,393
0,225
0,330
0,348
0,483
0,255
0,282
0,474
0,240
0,315
0,279
0,423
0,261
0,378
0,318
0,327
0,336
0,372
0,444
0,309
0,285
0,453
0,366
0,429
0,459
0,267
0,363
0,312
0,339
0,405
0,468
0,465
0,243
0,333
0,381
0,408
0,342
0,414
0,456
0,273
0,231
0,237
0,357
0,288
0,384
0,270
0,450
0,447
0,303
0,291
0,375
0,486
0,432
0,480
0,399
0,438
0,390
0,369
0,396
0,426
0,471
0,351
0,411
0,228
0,249
0,435
0,417
0,294
0,462
0,360
0,345
0,246
0,441
0,222
0,258
0,219
0,402
0,420
0,297
0,276
0,252
0,477
0,300
0,264
0,354
0,387
0,306
0,234
0,321
0
0,301
0,280
0,487,346,268,373,322
0,424
0,319
0,298,382
0,226,343
0
0,325,451
0,436
0
0,328,409,352
0,469,412,334,454
0,358,340,283
0,262
0,421,259
0
0
0,484
0,364,400,235,439,457,229
0,463
0,238
0,481
0,316,475
0,376
0,253,361,250
0,403
0,379
0,448,472
0
0
0
0
0
0
0
0
0
0
0
0
0
0
0
0
0
0
0
0
0
0
0
0
0
0
0
0
0
0
2,219
2,220
2
2,222
2,223
2
2,225
2,226
2
2,228
2,229
2
2,231
2,232
2
2,234
2,235
2
2,237
2,238
2
2,240
2,241
2
2,243
2,244
2
2,246
2,247
2
2,249
2,250
2
2,252
2,253
2
2,255
2,256
2
2,258
2,259
2
2,261
2,262
2
2,264
2,265
2
2,267
2,268
2
2,270
2,271
2
2,273
2,274
2
2,276
2,277
2
2,279
2,280
2
2,282
2,283
2
2,285
2,286
2
2,288
2,289
2
2,291
2,292
2
2,294
2,295
2
2,297
2,298
2
2,300
2,301
2
2,303
2,304
2
2,306
2,307
2
2,309
2,310
2
2,312
2,313
2
2,315
2,316
2
2,318
2,319
2
2,321
2,322
2
2,324
2,325
2
2,327
2,328
2
2,330
2,331
2
2,333
2,334
2
2,336
2,337
2
2,339
2,340
2
2,342
2,343
2
2,345
2,346
2
2,348
2,349
2
2,351
2,352
2
2,354
2,355
2
2,357
2,358
2
2,360
2,361
2
2,363
2,364
2
2,366
2,367
2
2,369
2,370
2
2,372
2,373
2
2,375
2,376
2
2,378
2,379
2
2,381
2,382
2
2,384
2,385
2
2,387
2,388
2
2,390
2,391
2
2,393
2,394
2
2,396
2,397
2
2,399
2,400
2
2,402
2,403
2
2,405
2,406
2
2,408
2,409
2
2,411
2,412
2
2,414
2,415
2
2,417
2,418
2
2,420
2,421
2
2,423
2,424
2
2,426
2,427
2
2,429
2,430
2
2,432
2,433
2
2,435
2,436
2
2,438
2,439
2
2,441
2,442
2
2,444
2,445
2
2,447
2,448
2
2,450
2,451
2
2,453
2,454
2
2,456
2,457
2
2,459
2,460
2
2,462
2,463
2
2,465
2,466
2
2,468
2,469
2
2,471
2,472
2
2,474
2,475
2
2,477
2,478
2
2,480
2,481
2
2,483
2,484
2
2,486
2,487
2
3,520,529,526
3,525,523,516,602
3,518,528,605
3,604,601,514,522
3,491,588,517,489,515,527,513,524,519,587,521,490,488
3,608,537,531,611
3,609,538,533
3,612,535
3,530,495,590,536,494,493,534,532,589
3,542,619,549
3,550,616,547,544
3,540,546,618,615
3,548,539,498,592,543,541,545,497,499,591
3,556,562,559,623
3,561,622,625,552
3,558,554,626
3,557,593,553,555,503,560,501,551,502,594
3,630,566,573,571
3,568,633,574
3,570,632,629,564
3,507,565,596,563,506,595,505,569,572,567
3,640,580,583
3,636,639,576,585
3,586,637,582,578
3,597,579,584,575,509,581,598,511,577,510
4,514
4
4,516
4
4,518
4
4,520
4
4,522
4,523
4
4,525
4,526
4
4,528
4,529
4
4,531
4
4,533
4
4,535
4
4,537
4,538
4
4,540
4
4,542
4
4,544
4
4,546
4,547
4
4,549
4,550
4
4,552
4
4,554
4
4,556
4
4,558
4,559
4
4,561
4,562
4
4,564
4
4,566
4
4,568
4
4,570
4,571
4
4,573
4,574
4
4,576
4
4,578
4
4,580
4
4,582
4,583
4
4,585
4,586
4
5,599
5,603
5,606
5,610
5,613
5,617
5,620
5,624
5,627
5,631
5,634
5,638
6,600
6,601
6,602
6
6,604
6,605
6
6,607
6,608
6,609
6
6,611
6,612
6
6,614
6,615
6,616
6
6,618
6,619
6
6,621
6,622
6,623
6
6,625
6,626
6
6,628
6,629
6,630
6
6,632
6,633
6
6,635
6,636
6,637
6
6,639
6,640
6
13,530,565,541
13,532,534
14,347,521,278,245,452,266,413,479,353,296,410,329,600,398,314,335,572,239,248,284,356,389,299,467,311,317,614,275,545,242,293,458,428,404,476,461,377,470,236,254,320,455,449,323,557,338,446,257,374,302,218,482,621,581,365,269,305,251,464,440,371,221,287,368,383,610,473,230,437,332,548,344,233,431,326,281,443,603,341,407,560,536,392,422,434,359,425,638,227,260,631,308,350,416,263,362,380,419,386,485,395,607,290,224,401,272
13,519
14,628,617,624,635,584,569
14,524,527
13,515,567,543,517,555,579
13,575,539,551,563
13,513,553,577