0
0
0
0
0,115
0,127,145
0
0,148,106
0,196,130,205
0,169,136
0,190,151
0,172
0,181
0
0,157,109
0,199
0,166
0
0
0
0
0
0
0
0
0
0
0
0
0
0,180
0,153
0,183
0,156
0,162
0,147
0,189
0
0,141
0,165
0,144
0,105
0,108
0,123
0,177
0
0,159
0,168
0,111
0,198
0,102
0,132
0,150
0,174
0,204
0,99
0,138
0,129
0,186
0,126
0,135
0,201
0,192
0,171
0,120
0,96
0,117
0,114
0,195
0
0,193,163
0
0,184,133
0,187,97,139
0,118
0,175
0,160,121,112,124,202
0,142,103
0,100
0,178
0
0,154
0
0
0
0
0
0
0
0
0
0
0
0
0
2,96
2,97
2
2,99
2,100
2
2,102
2,103
2
2,105
2,106
2
2,108
2,109
2
2,111
2,112
2
2,114
2,115
2
2,117
2,118
2
2,120
2,121
2
2,123
2,124
2
2,126
2,127
2
2,129
2,130
2
2,132
2,133
2
2,135
2,136
2
2,138
2,139
2
2,141
2,142
2
2,144
2,145
2
2,147
2,148
2
2,150
2,151
2
2,153
2,154
2
2,156
2,157
2
2,159
2,160
2
2,162
2,163
2
2,165
2,166
2
2,168
2,169
2
2,171
2,172
2
2,174
2,175
2
2,177
2,178
2
2,180
2,181
2
2,183
2,184
2
2,186
2,187
2
2,189
2,190
2
2,192
2,193
2
2,195
2,196
2
2,198
2,199
2
2,201
2,202
2
2,204
2,205
2
3,238,244,247
3,243,241,234,320
3,246,236,323
3,232,322,319,240
3,306,237,235,209,305,207,233,245,231,208,242,239,206
3,326,255,249,329
3,256,251,327
3,253,330
3,248,308,213,252,254,212,211,250,307
3,260,337,267
3,334,265,268,262
3,258,264,336,333
3,266,216,257,310,261,263,215,217,259,309
3,280,274,277,341
3,279,340,343,270
3,276,272,344
3,311,278,219,271,273,312,221,275,269,220
3,348,284,291,289
3,351,286,292
3,347,282,288,350
3,225,283,314,281,223,224,313,285,287,290
3,358,298,301
3,354,294,357,303
3,304,355,300,296
3,315,302,293,227,299,297,316,229,295,228
4,232
4
4,234
4
4,236
4
4,238
4
4,240
4,241
4
4,243
4,244
4
4,246
4,247
4
4,249
4
4,251
4
4,253
4
4,255
4,256
4
4,258
4
4,260
4
4,262
4
4,264
4,265
4
4,267
4,268
4
4,270
4
4,272
4
4,274
4
4,276
4,277
4
4,279
4,280
4
4,282
4
4,284
4
4,286
4
4,288
4,289
4
4,291
4,292
4
4,294
4
4,296
4
4,298
4
4,300
4,301
4
4,303
4,304
4
5,317
5,321
5,324
5,328
5,331
5,335
5,338
5,342
5,345
5,349
5,352
5,356
6,318
6,319
6,320
6
6,322
6,323
6
6,325
6,326
6,327
6
6,329
6,330
6
6,332
6,333
6,334
6
6,336
6,337
6
6,339
6,340
6,341
6
6,343
6,344
6
6,346
6,347
6,348
6
6,350
6,351
6
6,353
6,354
6,355
6
6,357
6,358
6
13,248,283,259
13,250,252
14,239,155,332,122,299,146,173,191,290,116,125,161,176,188,194,318,152,263,119,113,131,197,200,275,134,143,179,95,339,182,128,98,164,349,107,266,110,328,203,158,321,278,254,170,356,104,137,185,140,325,167,101,149
13,237
14,342,346,335,302,353,287
14,245,242
13,233,285,273,261,235,297
13,257,293,269,281
13,231,271,295