0
0
0
0
0
0
0
0,207,198,309
0,249,339
0
0
0,231,174,204
0,213,315
0,267,171
0
0,183,276
0,222,327
0,297,192,333
0,237,261
0,321
0,303,216
0
0
0,312
0,210
0,351,345
0
0,246
0
0
0
0
0
0
0
0
0
0
0
0
0
0
0
0
0
0
0
0
0
0
0,242
0,179
0,248
0,176
0,281
0,200
0,263
0,311
0,254
0,302
0
0,326
0,272
0,269
0,317
0,212
0,290
0,227
0,203
0,308
0,197
0,218
0,215
0,296
0,266
0,164
0,185
0,320
0,284
0,350
0,347
0,338
0,170
0,167
0,224
0,278
0,188
0,332
0,206
0,299
0,323
0,335
0,275
0,245
0,293
0,260
0,230
0,287
0,329
0,182
0,233
0,194
0,305
0,236
0
0,161
0,344
0,341
0,221
0,209
0,251
0,314
0,239
0,173
0,257
0,191
0
0,285,180,291
0,165
0,252,195
0,294,279
0,264
0,162,306
0,342,228,336,201
0,324,234,189
0,240,258,318
0
0
0,348,186,273,243
0
0,288
0,225
0,219
0,177,300,168
0,282
0
0,330
0,270,255
0
0
0
0
0
0
0
0
0
0
0
0
0
0
0
0
0
0
0
0
0
0
2,161
2,162
2
2,164
2,165
2
2,167
2,168
2
2,170
2,171
2
2,173
2,174
2
2,176
2,177
2
2,179
2,180
2
2,182
2,183
2
2,185
2,186
2
2,188
2,189
2
2,191
2,192
2
2,194
2,195
2
2,197
2,198
2
2,200
2,201
2
2,203
2,204
2
2,206
2,207
2
2,209
2,210
2
2,212
2,213
2
2,215
2,216
2
2,218
2,219
2
2,221
2,222
2
2,224
2,225
2
2,227
2,228
2
2,230
2,231
2
2,233
2,234
2
2,236
2,237
2
2,239
2,240
2
2,242
2,243
2
2,245
2,246
2
2,248
2,249
2
2,251
2,252
2
2,254
2,255
2
2,257
2,258
2
2,260
2,261
2
2,263
2,264
2
2,266
2,267
2
2,269
2,270
2
2,272
2,273
2
2,275
2,276
2
2,278
2,279
2
2,281
2,282
2
2,284
2,285
2
2,287
2,288
2
2,290
2,291
2
2,293
2,294
2
2,296
2,297
2
2,299
2,300
2
2,302
2,303
2
2,305
2,306
2
2,308
2,309
2
2,311
2,312
2
2,314
2,315
2
2,317
2,318
2
2,320
2,321
2
2,323
2,324
2
2,326
2,327
2
2,329
2,330
2
2,332
2,333
2
2,335
2,336
2
2,338
2,339
2
2,341
2,342
2
2,344
2,345
2
2,347
2,348
2
2,350
2,351
2
3,393,384,390
3,389,387,380,466
3,392,382,469
3,378,468,465,386
3,452,383,381,355,451,353,379,391,377,354,388,385,352
3,472,401,395,475
3,402,397,473
3,399,476
3,394,454,359,398,400,358,357,396,453
3,406,483,413
3,480,411,414,408
3,404,410,482,479
3,412,403,362,456,407,409,361,405,455,363
3,426,420,423,487
3,425,486,489,416
3,422,418,490
3,457,424,365,417,419,458,367,421,415,366
3,494,430,437,435
3,497,432,438
3,493,428,434,496
3,371,429,460,427,369,370,459,433,436,431
3,504,444,447
3,500,440,503,449
3,450,501,446,442
3,461,443,462,374,448,439,373,445,375,441
4,378
4
4,380
4
4,382
4
4,384
4
4,386
4,387
4
4,389
4,390
4
4,392
4,393
4
4,395
4
4,397
4
4,399
4
4,401
4,402
4
4,404
4
4,406
4
4,408
4
4,410
4,411
4
4,413
4,414
4
4,416
4
4,418
4
4,420
4
4,422
4,423
4
4,425
4,426
4
4,428
4
4,430
4
4,432
4
4,434
4,435
4
4,437
4,438
4
4,440
4
4,442
4
4,444
4
4,446
4,447
4
4,449
4,450
4
5,463
5,467
5,470
5,474
5,477
5,481
5,484
5,488
5,491
5,495
5,498
5,502
6,464
6,465
6,466
6
6,468
6,469
6
6,471
6,472
6,473
6
6,475
6,476
6
6,478
6,479
6,480
6
6,482
6,483
6
6,485
6,486
6,487
6
6,489
6,490
6
6,492
6,493
6,494
6
6,496
6,497
6
6,499
6,500
6,501
6
6,503
6,504
6
13,394,429,405
13,396,398
14,289,385,220,223,187,295,445,211,238,271,340,256,436,181,190,226,298,331,253,259,478,464,217,409,184,235,346,178,196,262,265,421,280,199,241,208,316,244,160,485,307,247,193,313,163,229,310,325,172,274,412,286,175,474,268,467,283,349,424,400,334,301,502,169,202,495,250,292,205,304,322,328,337,319,471,232,277,166,343,214
13,383
14,492,481,448,488,499,433
14,391,388
13,379,431,407,381,419,443
13,439,403,415,427
13,377,417,441