0
0
0
0
0
0,246
0,162
0
0
0,156,195,147,207
0,165,129
0,213,258
0,252,132
0,201,249,144
0,198
0,204,228,234
0,267,168,237,126
0,138
0,261,150
0
0,153
0,189
0
0
0
0
0
0
0
0
0
0
0
0
0
0
0
0
0
0,140
0,203
0,155
0,269
0,251
0,212
0,125
0,173
0,263
0,215
0,191
0,206
0,137
0,149
0,266
0,176
0,185
0,128
0,143
0,146
0,161
0,200
0,218
0,170
0,209
0,230
0,164
0,236
0,257
0,152
0,188
0,248
0,242
0,158
0,131
0,179
0,245
0,254
0,194
0,221
0,167
0,197
0,134
0,239
0,233
0
0,260
0,182
0,224
0,227
0
0,177,219
0
0,186,222
0,231
0
0,210
0,264,270
0
0,255,180
0
0,171,141
0
0
0,183
0,135,216,174
0,243,192,159
0,225,240
0
0
0
0
0
0
0
0
0
0
0
0
0
0
0
0
0
2,125
2,126
2
2,128
2,129
2
2,131
2,132
2
2,134
2,135
2
2,137
2,138
2
2,140
2,141
2
2,143
2,144
2
2,146
2,147
2
2,149
2,150
2
2,152
2,153
2
2,155
2,156
2
2,158
2,159
2
2,161
2,162
2
2,164
2,165
2
2,167
2,168
2
2,170
2,171
2
2,173
2,174
2
2,176
2,177
2
2,179
2,180
2
2,182
2,183
2
2,185
2,186
2
2,188
2,189
2
2,191
2,192
2
2,194
2,195
2
2,197
2,198
2
2,200
2,201
2
2,203
2,204
2
2,206
2,207
2
2,209
2,210
2
2,212
2,213
2
2,215
2,216
2
2,218
2,219
2
2,221
2,222
2
2,224
2,225
2
2,227
2,228
2
2,230
2,231
2
2,233
2,234
2
2,236
2,237
2
2,239
2,240
2
2,242
2,243
2
2,245
2,246
2
2,248
2,249
2
2,251
2,252
2
2,254
2,255
2
2,257
2,258
2
2,260
2,261
2
2,263
2,264
2
2,266
2,267
2
2,269
2,270
2
3,309,312,303
3,308,306,299,385
3,311,301,388
3,387,297,384,305
3,371,302,300,274,370,272,298,310,296,273,307,304,271
3,391,320,314,394
3,321,392,316
3,318,395
3,313,373,278,319,277,276,317,315,372
3,325,402,332
3,333,399,330,327
3,323,329,401,398
3,331,322,281,375,326,328,280,282,324,374
3,339,342,345,406
3,344,405,408,335
3,341,337,409
3,376,284,343,336,338,377,286,340,334,285
3,413,349,356,354
3,416,351,357
3,353,412,347,415
3,290,348,379,346,288,289,378,350,352,355
3,423,363,366
3,419,359,422,368
3,369,420,365,361
3,380,362,367,358,292,364,381,294,360,293
4,297
4
4,299
4
4,301
4
4,303
4
4,305
4,306
4
4,308
4,309
4
4,311
4,312
4
4,314
4
4,316
4
4,318
4
4,320
4,321
4
4,323
4
4,325
4
4,327
4
4,329
4,330
4
4,332
4,333
4
4,335
4
4,337
4
4,339
4
4,341
4,342
4
4,344
4,345
4
4,347
4
4,349
4
4,351
4
4,353
4,354
4
4,356
4,357
4
4,359
4
4,361
4
4,363
4
4,365
4,366
4
4,368
4,369
4
5,382
5,386
5,389
5,393
5,396
5,400
5,403
5,407
5,410
5,414
5,417
5,421
6,383
6,384
6,385
6
6,387
6,388
6
6,390
6,391
6,392
6
6,394
6,395
6
6,397
6,398
6,399
6
6,401
6,402
6
6,404
6,405
6,406
6
6,408
6,409
6
6,411
6,412
6,413
6
6,415
6,416
6
6,418
6,419
6,420
6
6,422
6,423
6
13,313,348,324
13,315,317
14,304,184,397,151,259,175,235,220,241,355,145,253,154,262,205,217,223,383,181,328,190,148,199,142,160,226,229,340,244,163,172,208,124,404,364,202,211,157,127,193,414,136,238,331,250,139,393,232,187,386,247,343,319,265,421,133,166,214,256,169,268,390,196,178,130
13,302
14,411,400,367,407,418,352
14,310,307
13,298,350,326,300,338,362
13,358,322,334,346
13,296,336,360