0
0
0
0
0
0
0
0,251,245
0,386,233,209
0,224,323
0,203,314
0,401,359
0,257,281
0,413
0,236,296
0,392,350
0,335
0,305
0,191
0
0,329,377,371,239
0,389,308
0,353
0
0
0
0,242
0,218,197,398,380
0
0,374,407,221,293
0,338,410
0,317
0,200,416,302
0
0
0
0
0
0
0
0
0
0
0
0
0
0
0
0
0
0
0
0
0
0
0
0
0
0
0,304
0,262
0,391
0,313
0,358
0,340
0,307
0,397
0,385
0,256
0,325
0,241
0,292
0,334
0,205
0,259
0,250
0,400
0,319
0,406
0,394
0,415
0,268
0,382
0,370
0,289
0,229
0,226
0,274
0,337
0,295
0,280
0,388
0,238
0,220
0,343
0,265
0,310
0,346
0,316
0,211
0,217
0,301
0,364
0,349
0,361
0,232
0,412
0,253
0,409
0,286
0,199
0,298
0,190
0,373
0,223
0,235
0,244
0,379
0,328
0,271
0,322
0
0,196
0,277
0,376
0,367
0,352
0,214
0,283
0,202
0,208
0
0,193
0,355
0,247
0,403
0,331
0
0,194
0,326
0,284
0
0
0
0,254,215,260,341
0
0,368
0
0,395
0,362,248,311
0,206,263
0,275
0,299,278,212
0,383,356,347
0,290,266
0,227,269,272
0,365
0
0
0,230,344
0,287,332
0,404
0,320
0
0
0
0
0
0
0
0
0
0
0
0
0
0
0
0
0
0
0
0
0
0
0
0
0
0
2,190
2,191
2
2,193
2,194
2
2,196
2,197
2
2,199
2,200
2
2,202
2,203
2
2,205
2,206
2
2,208
2,209
2
2,211
2,212
2
2,214
2,215
2
2,217
2,218
2
2,220
2,221
2
2,223
2,224
2
2,226
2,227
2
2,229
2,230
2
2,232
2,233
2
2,235
2,236
2
2,238
2,239
2
2,241
2,242
2
2,244
2,245
2
2,247
2,248
2
2,250
2,251
2
2,253
2,254
2
2,256
2,257
2
2,259
2,260
2
2,262
2,263
2
2,265
2,266
2
2,268
2,269
2
2,271
2,272
2
2,274
2,275
2
2,277
2,278
2
2,280
2,281
2
2,283
2,284
2
2,286
2,287
2
2,289
2,290
2
2,292
2,293
2
2,295
2,296
2
2,298
2,299
2
2,301
2,302
2
2,304
2,305
2
2,307
2,308
2
2,310
2,311
2
2,313
2,314
2
2,316
2,317
2
2,319
2,320
2
2,322
2,323
2
2,325
2,326
2
2,328
2,329
2
2,331
2,332
2
2,334
2,335
2
2,337
2,338
2
2,340
2,341
2
2,343
2,344
2
2,346
2,347
2
2,349
2,350
2
2,352
2,353
2
2,355
2,356
2
2,358
2,359
2
2,361
2,362
2
2,364
2,365
2
2,367
2,368
2
2,370
2,371
2
2,373
2,374
2
2,376
2,377
2
2,379
2,380
2
2,382
2,383
2
2,385
2,386
2
2,388
2,389
2
2,391
2,392
2
2,394
2,395
2
2,397
2,398
2
2,400
2,401
2
2,403
2,404
2
2,406
2,407
2
2,409
2,410
2
2,412
2,413
2
2,415
2,416
2
3,449,455,458
3,454,452,445,531
3,457,447,534
3,533,530,443,451
3,517,448,444,446,420,516,419,418,456,442,453,450,417
3,466,460,540,537
3,467,538,462
3,464,541
3,459,424,463,465,423,422,461,518,519
3,478,471,548
3,473,545,476,479
3,469,475,547,544
3,477,468,427,521,472,474,426,428,520,470
3,491,552,485,488
3,490,551,554,481
3,487,483,555
3,486,522,489,430,482,484,523,432,480,431
3,559,495,502,500
3,562,497,503
3,558,493,499,561
3,436,494,525,492,434,435,524,501,496,498
3,569,509,512
3,565,505,568,514
3,566,515,511,507
3,526,513,504,438,527,508,440,506,510,439
4,443
4
4,445
4
4,447
4
4,449
4
4,451
4,452
4
4,454
4,455
4
4,457
4,458
4
4,460
4
4,462
4
4,464
4
4,466
4,467
4
4,469
4
4,471
4
4,473
4
4,475
4,476
4
4,478
4,479
4
4,481
4
4,483
4
4,485
4
4,487
4,488
4
4,490
4,491
4
4,493
4
4,495
4
4,497
4
4,499
4,500
4
4,502
4,503
4
4,505
4
4,507
4
4,509
4
4,511
4,512
4
4,514
4,515
4
5,528
5,532
5,535
5,539
5,542
5,546
5,549
5,553
5,556
5,560
5,563
5,567
6,529
6,530
6,531
6
6,533
6,534
6
6,536
6,537
6,538
6
6,540
6,541
6
6,543
6,544
6,545
6
6,547
6,548
6
6,550
6,551
6,552
6
6,554
6,555
6
6,557
6,558
6,559
6
6,561
6,562
6
6,564
6,565
6,566
6
6,568
6,569
6
13,459,494,470
13,461,463
14,539,318,450,249,543,216,237,384,324,510,240,267,381,300,393,529,369,285,306,501,210,219,255,327,360,270,489,282,288,246,474,213,264,399,375,348,207,225,291,294,486,309,228,345,273,189,550,336,276,222,342,192,258,339,354,201,408,303,477,315,204,402,297,252,414,532,312,378,465,363,405,330,396,567,198,231,560,279,321,387,234,333,351,390,357,366,536,261,411,195,372,243
13,448
14,557,546,513,553,564,498
14,456,453
13,444,496,484,472,446,508
13,504,468,480,492
13,442,482,506