0
0
0
0
0
0,148,103
0,106,160,196
0,154,205
0,145,178,211
0,172,193
0,115,97,166
0,184,175
0
0
0,139,163,118
0,187,100
0
0
0
0
0
0
0
0
0
0
0
0
0
0
0,177
0,192
0,150
0,174
0,201
0,195
0,138
0,198
0,168
0,162
0,156
0,165
0,183
0,105
0,102
0,96
0,207
0,141
0,135
0,117
0,129
0,144
0,186
0,126
0,204
0,147
0,132
0,189
0,99
0,108
0,180
0,120
0,159
0,210
0,171
0,153
0,123
0,111
0,114
0,202,208
0,109
0,130
0,136,112
0,151,199
0,121
0,181
0,142
0
0,157
0,169,127
0,133
0,190,124
0
0
0
0
0
0
0
0
0
0
0
0
0
2,96
2,97
2
2,99
2,100
2
2,102
2,103
2
2,105
2,106
2
2,108
2,109
2
2,111
2,112
2
2,114
2,115
2
2,117
2,118
2
2,120
2,121
2
2,123
2,124
2
2,126
2,127
2
2,129
2,130
2
2,132
2,133
2
2,135
2,136
2
2,138
2,139
2
2,141
2,142
2
2,144
2,145
2
2,147
2,148
2
2,150
2,151
2
2,153
2,154
2
2,156
2,157
2
2,159
2,160
2
2,162
2,163
2
2,165
2,166
2
2,168
2,169
2
2,171
2,172
2
2,174
2,175
2
2,177
2,178
2
2,180
2,181
2
2,183
2,184
2
2,186
2,187
2
2,189
2,190
2
2,192
2,193
2
2,195
2,196
2
2,198
2,199
2
2,201
2,202
2
2,204
2,205
2
2,207
2,208
2
2,210
2,211
2
3,244,250,253
3,249,247,240,326
3,252,242,329
3,328,238,325,246
3,312,243,241,215,311,213,239,251,237,214,248,245,212
3,335,332,261,255
3,262,333,257
3,259,336
3,254,314,219,258,260,218,217,256,313
3,273,266,343
3,274,340,271,268
3,264,270,342,339
3,272,263,222,316,267,269,221,223,265,315
3,286,280,283,347
3,285,346,349,276
3,282,278,350
3,317,284,225,277,279,318,227,281,275,226
3,354,290,297,295
3,357,292,298
3,288,294,356,353
3,289,320,287,229,230,319,291,231,293,296
3,364,304,307
3,360,300,363,309
3,310,361,306,302
3,321,303,233,299,305,308,322,235,301,234
4,238
4
4,240
4
4,242
4
4,244
4
4,246
4,247
4
4,249
4,250
4
4,252
4,253
4
4,255
4
4,257
4
4,259
4
4,261
4,262
4
4,264
4
4,266
4
4,268
4
4,270
4,271
4
4,273
4,274
4
4,276
4
4,278
4
4,280
4
4,282
4,283
4
4,285
4,286
4
4,288
4
4,290
4
4,292
4
4,294
4,295
4
4,297
4,298
4
4,300
4
4,302
4
4,304
4
4,306
4,307
4
4,309
4,310
4
5,323
5,327
5,330
5,334
5,337
5,341
5,344
5,348
5,351
5,355
5,358
5,362
6,324
6,325
6,326
6
6,328
6,329
6
6,331
6,332
6,333
6
6,335
6,336
6
6,338
6,339
6,340
6
6,342
6,343
6
6,345
6,346
6,347
6
6,349
6,350
6
6,352
6,353
6,354
6
6,356
6,357
6
6,359
6,360
6,361
6
6,363
6,364
6
13,254,265,289
13,256,258
14,245,155,338,122,305,146,173,206,191,296,116,125,161,176,188,194,152,269,119,170,113,131,197,200,281,134,143,179,95,345,182,128,98,164,355,107,209,272,110,324,334,203,158,327,284,260,362,104,137,185,140,331,167,101,149
13,243
14,352,348,341,308,359,293
14,251,248
13,239,291,267,241,279,303
13,299,263,275,287
13,237,277,301