0
0
0
0
0,122
0,134
0,128
0,194,149
0
0,182
0
0,161,125
0,185
0,140,173,113
0,116
0
0
0
0
0
0
0
0
0
0
0
0
0,91
0,124
0,118
0,136
0,145
0,103
0,115
0,100
0,184
0,151
0,121
0,106
0,94
0,169
0,172
0,142
0,88
0,127
0,157
0,190
0,154
0,109
0,133
0,139
0,97
0,163
0,160
0,175
0,130
0,187
0,178
0,112
0,193
0,181
0,166
0,148
0,98
0
0,146
0,155
0,107,170,131,179,188,143
0,158
0,167,110,164,137
0,152,89,95
0,92,191
0,101
0,176
0,104,119
0
0
0
0
0
0
0
0
0
0
0
0
2,88
2,89
2
2,91
2,92
2
2,94
2,95
2
2,97
2,98
2
2,100
2,101
2
2,103
2,104
2
2,106
2,107
2
2,109
2,110
2
2,112
2,113
2
2,115
2,116
2
2,118
2,119
2
2,121
2,122
2
2,124
2,125
2
2,127
2,128
2
2,130
2,131
2
2,133
2,134
2
2,136
2,137
2
2,139
2,140
2
2,142
2,143
2
2,145
2,146
2
2,148
2,149
2
2,151
2,152
2
2,154
2,155
2
2,157
2,158
2
2,160
2,161
2
2,163
2,164
2
2,166
2,167
2
2,169
2,170
2
2,172
2,173
2
2,175
2,176
2
2,178
2,179
2
2,181
2,182
2
2,184
2,185
2
2,187
2,188
2
2,190
2,191
2
2,193
2,194
2
3,227,233,236
3,232,230,223,309
3,235,225,312
3,311,221,308,229
3,226,224,198,294,196,222,234,220,197,231,228,295,195
3,315,244,238,318
3,245,316,240
3,242,319
3,237,297,202,241,243,201,200,239,296
3,256,249,326
3,323,254,257,251
3,247,253,325,322
3,255,246,205,299,250,252,204,206,248,298
3,269,263,266,330
3,268,329,332,259
3,265,261,333
3,300,267,208,260,262,301,210,264,258,209
3,337,273,280,278
3,340,275,281
3,336,271,277,339
3,214,272,303,270,212,213,302,276,279,274
3,347,287,290
3,343,283,346,292
3,293,344,289,285
3,304,286,291,282,288,305,218,284,216,217
4,221
4
4,223
4
4,225
4
4,227
4
4,229
4,230
4
4,232
4,233
4
4,235
4,236
4
4,238
4
4,240
4
4,242
4
4,244
4,245
4
4,247
4
4,249
4
4,251
4
4,253
4,254
4
4,256
4,257
4
4,259
4
4,261
4
4,263
4
4,265
4,266
4
4,268
4,269
4
4,271
4
4,273
4
4,275
4
4,277
4,278
4
4,280
4,281
4
4,283
4
4,285
4
4,287
4
4,289
4,290
4
4,292
4,293
4
5,306
5,310
5,313
5,317
5,320
5,324
5,327
5,331
5,334
5,338
5,341
5,345
6,307
6,308
6,309
6
6,311
6,312
6
6,314
6,315
6,316
6
6,318
6,319
6
6,321
6,322
6,323
6
6,325
6,326
6
6,328
6,329
6,330
6
6,332
6,333
6
6,335
6,336
6,337
6
6,339
6,340
6
6,342
6,343
6,344
6
6,346
6,347
6
13,237,272,248
13,239,241
14,228,147,321,328,114,288,138,165,183,279,108,117,153,168,180,186,307,144,252,111,135,123,189,264,126,192,171,87,174,120,90,156,338,99,255,102,317,150,310,267,243,162,345,96,129,177,132,314,159,141,93,105
13,226
14,335,324,291,331,342,276
14,234,231
13,222,274,250,224,262,286
13,282,246,258,270
13,220,260,284