0
0
0
0
0
0
0,364
0,289
0,358,259
0
0,262
0,235,295,280
0,193,277,340
0
0,247,307
0,250,349
0,238
0,214
0,199
0,181,217
0,226
0,196,325
0,187,331
0,265,334,352,271
0,322,301,175
0,172
0,220,367,298
0
0,313
0
0
0
0
0
0
0
0
0
0
0
0
0
0
0
0
0
0
0
0
0
0
0
0,228
0,360
0,267
0,255
0,243
0,189
0,342
0,210
0,174
0,351
0,207
0,321
0,183
0
0,234
0,336
0,357
0,177
0,240
0,201
0,237
0,231
0,261
0,330
0,219
0,363
0,270
0,249
0,339
0,354
0,324
0,312
0,297
0,186
0,180
0,279
0,273
0,300
0
0,327
0,288
0,306
0,309
0,168
0,291
0,366
0,246
0,222
0,204
0,264
0,348
0,198
0,252
0,282
0,318
0,213
0,315
0,276
0,171
0,195
0,303
0,225
0,216
0,333
0,258
0,294
0,345
0,285
0,192
0,178
0
0,286
0,274
0,211
0,310,361
0,184,292,328
0,229,283
0
0,256,268
0
0,208
0,343
0,169
0,319,190
0,304
0
0,205,244,316
0,232
0,202
0,337,253
0,223
0,355,346,241
0
0
0
0
0
0
0
0
0
0
0
0
0
0
0
0
0
0
0
0
0
0
0
2,168
2,169
2
2,171
2,172
2
2,174
2,175
2
2,177
2,178
2
2,180
2,181
2
2,183
2,184
2
2,186
2,187
2
2,189
2,190
2
2,192
2,193
2
2,195
2,196
2
2,198
2,199
2
2,201
2,202
2
2,204
2,205
2
2,207
2,208
2
2,210
2,211
2
2,213
2,214
2
2,216
2,217
2
2,219
2,220
2
2,222
2,223
2
2,225
2,226
2
2,228
2,229
2
2,231
2,232
2
2,234
2,235
2
2,237
2,238
2
2,240
2,241
2
2,243
2,244
2
2,246
2,247
2
2,249
2,250
2
2,252
2,253
2
2,255
2,256
2
2,258
2,259
2
2,261
2,262
2
2,264
2,265
2
2,267
2,268
2
2,270
2,271
2
2,273
2,274
2
2,276
2,277
2
2,279
2,280
2
2,282
2,283
2
2,285
2,286
2
2,288
2,289
2
2,291
2,292
2
2,294
2,295
2
2,297
2,298
2
2,300
2,301
2
2,303
2,304
2
2,306
2,307
2
2,309
2,310
2
2,312
2,313
2
2,315
2,316
2
2,318
2,319
2
2,321
2,322
2
2,324
2,325
2
2,327
2,328
2
2,330
2,331
2
2,333
2,334
2
2,336
2,337
2
2,339
2,340
2
2,342
2,343
2
2,345
2,346
2
2,348
2,349
2
2,351
2,352
2
2,354
2,355
2
2,357
2,358
2
2,360
2,361
2
2,363
2,364
2
2,366
2,367
2
3,400,406,409
3,405,403,396,482
3,398,408,485
3,484,394,481,402
3,468,399,371,467,369,395,407,393,370,404,401,368,397
3,488,417,411,491
3,489,413,418
3,415,492
3,410,375,470,416,414,374,373,412,469
3,422,499,429
3,496,427,430,424
3,420,426,498,495
3,428,419,471,378,472,423,425,377,379,421
3,442,436,439,503
3,441,502,505,432
3,438,434,506
3,473,440,381,433,435,474,383,437,431,382
3,510,446,453,451
3,513,448,454
3,450,509,444,512
3,387,445,476,443,385,386,475,452,449,447
3,520,460,463
3,516,456,519,465
3,466,517,462,458
3,477,459,391,457,455,389,464,478,461,390
4,394
4
4,396
4
4,398
4
4,400
4
4,402
4,403
4
4,405
4,406
4
4,408
4,409
4
4,411
4
4,413
4
4,415
4
4,417
4,418
4
4,420
4
4,422
4
4,424
4
4,426
4,427
4
4,429
4,430
4
4,432
4
4,434
4
4,436
4
4,438
4,439
4
4,441
4,442
4
4,444
4
4,446
4
4,448
4
4,450
4,451
4
4,453
4,454
4
4,456
4
4,458
4
4,460
4
4,462
4,463
4
4,465
4,466
4
5,479
5,483
5,486
5,490
5,493
5,497
5,500
5,504
5,507
5,511
5,514
5,518
6,480
6,481
6,482
6
6,484
6,485
6
6,487
6,488
6,489
6
6,491
6,492
6
6,494
6,495
6,496
6
6,498
6,499
6
6,501
6,502
6,503
6
6,505
6,506
6
6,508
6,509
6,510
6
6,512
6,513
6
6,515
6,516
6,517
6
6,519
6,520
6
13,410,421,445
13,412,414
14,296,401,494,194,362,302,461,218,245,359,278,483,347,263,284,452,188,197,233,305,227,338,248,260,266,224,191,242,326,203,269,272,437,287,215,323,251,167,501,314,254,200,320,170,236,317,332,179,281,428,293,206,182,480,490,275,230,425,511,290,356,440,416,341,308,518,176,209,257,299,365,353,212,311,329,335,344,487,239,221,173,350,185
13,399
14,508,464,504,515,497,449
14,407,404
13,395,435,447,423,397,459
13,455,431,443,419
13,393,433,457