0
0
0
0
0
0
0,176,266
0
0,347,326,380
0
0,272,389
0,257,230,317
0,374,293,233,371
0,203
0,182
0,251,377
0,260
0,386,254
0,218
0,329,365
0
0,221,245
0,212,311,236
0
0
0,290,383,242
0,269
0,284,263
0,200,323
0
0
0
0
0
0
0
0
0
0
0
0
0
0
0
0
0
0
0
0
0
0
0
0
0
0,319
0,202
0,214
0,283
0,310
0,286
0,244
0,289
0,223
0,265
0,373
0,340
0,367
0,178
0,190
0,262
0,235
0,388
0,259
0,292
0,349
0,334
0,301
0,232
0,307
0,187
0,328
0,247
0,376
0,385
0,364
0,205
0,316
0,271
0,355
0,181
0,322
0,379
0,175
0,229
0,241
0,295
0,343
0,250
0,370
0,238
0,382
0,361
0,193
0,217
0,226
0,220
0,304
0,358
0,337
0,277
0,280
0,274
0,253
0,325
0,313
0,331
0,199
0,196
0,256
0,346
0,184
0,268
0,208
0,211
0,298
0,352
0,206,302,191,179
0
0,281,248
0,341
0,308
0,224,215
0,194
0,305
0,278
0,353
0
0,188,287
0,314,359
0,368,356
0,332,227,275,299
0,185,320
0,344
0,335,209
0
0,239
0,338,296
0,350
0,362,197
0
0
0
0
0
0
0
0
0
0
0
0
0
0
0
0
0
0
0
0
0
0
0
0
0
2,175
2,176
2
2,178
2,179
2
2,181
2,182
2
2,184
2,185
2
2,187
2,188
2
2,190
2,191
2
2,193
2,194
2
2,196
2,197
2
2,199
2,200
2
2,202
2,203
2
2,205
2,206
2
2,208
2,209
2
2,211
2,212
2
2,214
2,215
2
2,217
2,218
2
2,220
2,221
2
2,223
2,224
2
2,226
2,227
2
2,229
2,230
2
2,232
2,233
2
2,235
2,236
2
2,238
2,239
2
2,241
2,242
2
2,244
2,245
2
2,247
2,248
2
2,250
2,251
2
2,253
2,254
2
2,256
2,257
2
2,259
2,260
2
2,262
2,263
2
2,265
2,266
2
2,268
2,269
2
2,271
2,272
2
2,274
2,275
2
2,277
2,278
2
2,280
2,281
2
2,283
2,284
2
2,286
2,287
2
2,289
2,290
2
2,292
2,293
2
2,295
2,296
2
2,298
2,299
2
2,301
2,302
2
2,304
2,305
2
2,307
2,308
2
2,310
2,311
2
2,313
2,314
2
2,316
2,317
2
2,319
2,320
2
2,322
2,323
2
2,325
2,326
2
2,328
2,329
2
2,331
2,332
2
2,334
2,335
2
2,337
2,338
2
2,340
2,341
2
2,343
2,344
2
2,346
2,347
2
2,349
2,350
2
2,352
2,353
2
2,355
2,356
2
2,358
2,359
2
2,361
2,362
2
2,364
2,365
2
2,367
2,368
2
2,370
2,371
2
2,373
2,374
2
2,376
2,377
2
2,379
2,380
2
2,382
2,383
2
2,385
2,386
2
2,388
2,389
2
3,422,431,428
3,427,425,418,504
3,430,420,507
3,506,416,503,424
3,490,421,419,393,489,391,417,429,415,392,426,390,423
3,510,439,433,513
3,511,435,440
3,437,514
3,395,432,397,492,436,438,396,434,491
3,444,521,451
3,518,449,452,446
3,442,448,520,517
3,450,441,400,445,447,401,399,494,443,493
3,464,461,458,525
3,454,463,524,527
3,460,456,528
3,462,495,405,403,455,457,496,404,459,453
3,532,468,473,475
3,535,470,476
3,466,472,534,531
3,409,467,465,408,497,469,407,471,474,498
3,542,482,485
3,538,478,541,487
3,488,539,484,480
3,499,481,486,411,483,500,413,479,477,412
4,416
4
4,418
4
4,420
4
4,422
4
4,424
4,425
4
4,427
4,428
4
4,430
4,431
4
4,433
4
4,435
4
4,437
4
4,439
4,440
4
4,442
4
4,444
4
4,446
4
4,448
4,449
4
4,451
4,452
4
4,454
4
4,456
4
4,458
4
4,460
4,461
4
4,463
4,464
4
4,466
4
4,468
4
4,470
4
4,472
4,473
4
4,475
4,476
4
4,478
4
4,480
4
4,482
4
4,484
4,485
4
4,487
4,488
4
5,501
5,505
5,508
5,512
5,515
5,519
5,522
5,526
5,529
5,533
5,536
5,540
6,502
6,503
6,504
6
6,506
6,507
6
6,509
6,510
6,511
6
6,513
6,514
6
6,516
6,517
6,518
6
6,520
6,521
6
6,523
6,524
6,525
6
6,527
6,528
6
6,530
6,531
6,532
6
6,534
6,535
6
6,537
6,538
6,539
6
6,541
6,542
6
13,432,467,443
13,434,436
14,512,303,234,516,201,222,369,309,483,252,366,378,354,270,291,474,195,204,240,423,312,345,255,267,273,231,447,198,249,384,360,333,192,210,276,279,459,294,509,213,330,258,174,321,225,261,207,327,177,243,324,339,186,288,450,300,189,502,387,282,237,505,297,363,462,285,438,348,315,381,523,540,183,216,533,264,306,372,219,318,336,375,342,351,246,180,357,228
13,421
14,530,486,526,537,519,471
14,426,429
13,469,417,445,419,457,481
13,465,477,441,453
13,415,455,479