0
0
0
0
0
0
0
0
0
0,264,516
0
0,258,387,513
0
0,279,360
0,378,243
0
0,432,303,306,498
0,474,435,507,411
0,234,489
0
0,240,273
0,369,237
0
0,288
0,252,333
0
0
0,501,420
0,309,348
0,249,354,399
0,405
0,453,372,483,450
0,291,471
0
0
0
0,312
0,294,381
0,510
0,402,393
0
0
0
0
0
0
0
0
0
0
0
0
0
0
0
0
0
0
0
0
0
0
0
0
0
0
0
0
0
0
0
0
0,257
0,410
0
0,239
0,431
0,497
0,503
0,356
0,386
0,320
0,263
0,443
0,368
0,473
0,233
0,281
0,338
0,488
0,308
0,389
0,491
0,344
0,449
0,284
0,335
0,482
0,245
0,416
0,341
0,434
0,470
0,299
0,302
0,413
0,242
0,359
0,392
0,347
0,455
0,500
0,323
0,404
0,362
0,407
0,254
0,428
0,398
0,311
0,515
0,326
0,383
0,317
0,251
0,380
0,287
0,305
0,278
0,293
0,479
0,476
0,266
0,452
0,425
0,353
0,464
0,395
0,272
0,512
0,275
0,446
0,506
0,365
0,422
0,371
0,374
0,236
0,260
0,467
0,461
0,440
0,437
0,458
0,296
0,269
0,332
0,290
0,509
0,329
0,485
0,314
0,248
0,401
0,377
0,494
0,419
0,350
0
0,261
0
0,441,486
0,255,339,327
0,282
0,408
0
0,342,300
0,429
0,246
0,297,366,330
0,477,324
0,438
0,504,447
0,363
0
0,345
0,444
0,318
0,276,315,396
0,456,468,492
0,480,351
0,390,465,417
0,285,426,357
0,321,423,414
0,270
0,375
0,384,459
0,267,462
0,495
0,336
0
0
0
0
0
0
0
0
0
0
0
0
0
0
0
0
0
0
0
0
0
0
0
0
0
0
0
0
0
0
0
0
2,233
2,234
2
2,236
2,237
2
2,239
2,240
2
2,242
2,243
2
2,245
2,246
2
2,248
2,249
2
2,251
2,252
2
2,254
2,255
2
2,257
2,258
2
2,260
2,261
2
2,263
2,264
2
2,266
2,267
2
2,269
2,270
2
2,272
2,273
2
2,275
2,276
2
2,278
2,279
2
2,281
2,282
2
2,284
2,285
2
2,287
2,288
2
2,290
2,291
2
2,293
2,294
2
2,296
2,297
2
2,299
2,300
2
2,302
2,303
2
2,305
2,306
2
2,308
2,309
2
2,311
2,312
2
2,314
2,315
2
2,317
2,318
2
2,320
2,321
2
2,323
2,324
2
2,326
2,327
2
2,329
2,330
2
2,332
2,333
2
2,335
2,336
2
2,338
2,339
2
2,341
2,342
2
2,344
2,345
2
2,347
2,348
2
2,350
2,351
2
2,353
2,354
2
2,356
2,357
2
2,359
2,360
2
2,362
2,363
2
2,365
2,366
2
2,368
2,369
2
2,371
2,372
2
2,374
2,375
2
2,377
2,378
2
2,380
2,381
2
2,383
2,384
2
2,386
2,387
2
2,389
2,390
2
2,392
2,393
2
2,395
2,396
2
2,398
2,399
2
2,401
2,402
2
2,404
2,405
2
2,407
2,408
2
2,410
2,411
2
2,413
2,414
2
2,416
2,417
2
2,419
2,420
2
2,422
2,423
2
2,425
2,426
2
2,428
2,429
2
2,431
2,432
2
2,434
2,435
2
2,437
2,438
2
2,440
2,441
2
2,443
2,444
2
2,446
2,447
2
2,449
2,450
2
2,452
2,453
2
2,455
2,456
2
2,458
2,459
2
2,461
2,462
2
2,464
2,465
2
2,467
2,468
2
2,470
2,471
2
2,473
2,474
2
2,476
2,477
2
2,479
2,480
2
2,482
2,483
2
2,485
2,486
2
2,488
2,489
2
2,491
2,492
2
2,494
2,495
2
2,497
2,498
2
2,500
2,501
2
2,503
2,504
2
2,506
2,507
2
2,509
2,510
2
2,512
2,513
2
2,515
2,516
2
3,549,555,558
3,554,552,545,631
3,557,547,634
3,633,543,630,551
3,553,617,548,546,520,616,518,544,542,556,550,519,517
3,637,566,560,640
3,567,562,638
3,564,641
3,524,619,559,563,565,523,522,561,618
3,648,578,571
3,573,645,576,579
3,569,575,647,644
3,577,568,527,621,574,526,528,572,620,570
3,591,585,588,652
3,590,581,651,654
3,587,583,655
3,580,530,586,589,582,623,532,584,531,622
3,659,595,600,602
3,603,662,597
3,599,661,658,593
3,536,594,625,592,534,535,624,598,601,596
3,669,609,612
3,605,665,668,614
3,615,666,611,607
3,626,627,613,539,604,538,608,540,606,610
4,543
4
4,545
4
4,547
4
4,549
4
4,551
4,552
4
4,554
4,555
4
4,557
4,558
4
4,560
4
4,562
4
4,564
4
4,566
4,567
4
4,569
4
4,571
4
4,573
4
4,575
4,576
4
4,578
4,579
4
4,581
4
4,583
4
4,585
4
4,587
4,588
4
4,590
4,591
4
4,593
4
4,595
4
4,597
4
4,599
4,600
4
4,602
4,603
4
4,605
4
4,607
4
4,609
4
4,611
4,612
4
4,614
4,615
4
5,628
5,632
5,635
5,639
5,642
5,646
5,649
5,653
5,656
5,660
5,663
5,667
6,629
6,630
6,631
6
6,633
6,634
6
6,636
6,637
6,638
6
6,640
6,641
6
6,643
6,644
6,645
6
6,647
6,648
6
6,650
6,651
6,652
6
6,654
6,655
6
6,657
6,658
6,659
6
6,661
6,662
6
6,664
6,665
6,666
6
6,668
6,669
6
13,559,594,570
13,561,563
14,361,550,292,643,259,280,427,493,367,610,283,310,424,343,436,412,349,601,253,262,298,370,403,313,481,325,331,629,289,574,256,307,472,442,418,490,475,391,250,268,334,589,469,463,337,586,511,352,460,388,316,484,232,496,650,379,319,265,478,508,385,235,301,466,487,382,397,639,244,451,346,577,358,271,247,445,340,295,457,502,632,660,355,421,505,565,406,448,373,439,667,241,274,322,364,430,277,376,394,433,400,499,409,328,636,304,454,514,238,415,286
13,548
14,657,646,613,653,598,664
14,556,553
13,544,596,572,546,584,608
13,592,604,568,580
13,542,582,606