0
0
0
0
0
0
0
0
0,363
0,393,273
0,246,408
0,456,381
0,270
0,417,228
0
0
0
0
0,351,366
0,450,255,261
0,432
0,291,438
0,237
0
0,399
0,231,348,258
0
0,465,447,300
0,345
0
0
0,336,453,225,312
0,411
0,222,369
0,372
0,378
0,414,318
0
0
0
0
0
0
0
0
0
0
0
0
0
0
0
0
0
0
0
0
0
0
0
0
0
0
0
0
0
0,227
0,245
0,440
0,380
0,446
0,416
0,224
0,296
0,359
0,428
0,455
0,392
0,284
0,257
0,419
0,404
0
0,275
0,347
0,281
0,251
0,311
0,353
0,425
0,335
0,242
0,287
0,239
0,407
0,386
0,413
0,329
0,236
0,341
0,320
0,302
0,377
0,464
0,266
0,218
0,317
0,254
0,290
0,272
0,401
0,389
0,230
0,260
0,248
0,308
0,326
0,299
0,410
0,398
0,212
0,449
0,305
0,263
0,344
0,383
0,221
0,395
0,458
0,365
0,434
0,443
0
0,278
0,215
0,293
0,437
0,371
0,362
0,452
0,431
0,461
0,350
0,314
0,356
0,332
0,374
0,368
0,269
0,233
0,323
0,422
0,338
0
0,384,294
0,243,303,342,354
0,315
0,333
0,267,216,297,330,390
0,441
0,288,426,435
0,249
0
0,423,306
0,264
0
0,285,213
0,357,219,420
0,324,252,309
0,462,387
0,402
0
0
0,240,276
0,444,339
0,459
0,234
0,327
0,279,360,405,321
0
0,396,282,429
0,375
0
0
0
0
0
0
0
0
0
0
0
0
0
0
0
0
0
0
0
0
0
0
0
0
0
0
0
0
0
2,212
2,213
2
2,215
2,216
2
2,218
2,219
2
2,221
2,222
2
2,224
2,225
2
2,227
2,228
2
2,230
2,231
2
2,233
2,234
2
2,236
2,237
2
2,239
2,240
2
2,242
2,243
2
2,245
2,246
2
2,248
2,249
2
2,251
2,252
2
2,254
2,255
2
2,257
2,258
2
2,260
2,261
2
2,263
2,264
2
2,266
2,267
2
2,269
2,270
2
2,272
2,273
2
2,275
2,276
2
2,278
2,279
2
2,281
2,282
2
2,284
2,285
2
2,287
2,288
2
2,290
2,291
2
2,293
2,294
2
2,296
2,297
2
2,299
2,300
2
2,302
2,303
2
2,305
2,306
2
2,308
2,309
2
2,311
2,312
2
2,314
2,315
2
2,317
2,318
2
2,320
2,321
2
2,323
2,324
2
2,326
2,327
2
2,329
2,330
2
2,332
2,333
2
2,335
2,336
2
2,338
2,339
2
2,341
2,342
2
2,344
2,345
2
2,347
2,348
2
2,350
2,351
2
2,353
2,354
2
2,356
2,357
2
2,359
2,360
2
2,362
2,363
2
2,365
2,366
2
2,368
2,369
2
2,371
2,372
2
2,374
2,375
2
2,377
2,378
2
2,380
2,381
2
2,383
2,384
2
2,386
2,387
2
2,389
2,390
2
2,392
2,393
2
2,395
2,396
2
2,398
2,399
2
2,401
2,402
2
2,404
2,405
2
2,407
2,408
2
2,410
2,411
2
2,413
2,414
2
2,416
2,417
2
2,419
2,420
2
2,422
2,423
2
2,425
2,426
2
2,428
2,429
2
2,431
2,432
2
2,434
2,435
2
2,437
2,438
2
2,440
2,441
2
2,443
2,444
2
2,446
2,447
2
2,449
2,450
2
2,452
2,453
2
2,455
2,456
2
2,458
2,459
2
2,461
2,462
2
2,464
2,465
2
3,498,504,507
3,503,501,494,580
3,506,496,583
3,582,492,579,500
3,469,566,497,565,493,505,495,491,467,502,499,468,466
3,586,515,589,509
3,516,587,511
3,513,590
3,508,512,568,473,514,472,471,510,567
3,520,597,527
3,594,525,528,522
3,518,524,596,593
3,526,569,476,517,570,521,523,475,477,519
3,540,534,537,601
3,539,600,603,530
3,536,532,604
3,535,571,479,538,531,572,481,533,529,480
3,608,544,551,549
3,611,552,546
3,542,548,610,607
3,543,574,541,484,573,485,547,550,545,483
3,618,558,561
3,554,614,617,563
3,564,615,560,556
3,575,487,489,562,488,553,557,576,555,559
4,492
4
4,494
4
4,496
4
4,498
4
4,500
4,501
4
4,503
4,504
4
4,506
4,507
4
4,509
4
4,511
4
4,513
4
4,515
4,516
4
4,518
4
4,520
4
4,522
4
4,524
4,525
4
4,527
4,528
4
4,530
4
4,532
4
4,534
4
4,536
4,537
4
4,539
4,540
4
4,542
4
4,544
4
4,546
4
4,548
4,549
4
4,551
4,552
4
4,554
4
4,556
4
4,558
4
4,560
4,561
4
4,563
4,564
4
5,577
5,581
5,584
5,588
5,591
5,595
5,598
5,602
5,605
5,609
5,612
5,616
6,578
6,579
6,580
6
6,582
6,583
6
6,585
6,586
6,587
6
6,589
6,590
6
6,592
6,593
6,594
6
6,596
6,597
6
6,599
6,600
6,601
6
6,603
6,604
6
6,606
6,607
6,608
6
6,610
6,611
6
6,613
6,614
6,615
6
6,617
6,618
6
13,508,543,519
13,510,512
14,588,424,340,271,592,238,259,406,346,559,262,289,403,322,415,391,307,328,550,232,241,277,616,499,382,292,460,304,310,358,578,268,523,235,286,451,421,397,454,370,229,247,313,448,349,442,316,535,331,439,514,250,367,295,463,211,599,298,244,352,214,280,457,445,376,364,430,325,526,337,226,319,274,436,581,334,400,538,385,427,418,220,253,361,609,301,343,409,256,355,373,412,379,388,585,283,433,223,217,394,265
13,497
14,606,595,562,602,613,547
14,505,502
13,493,545,533,521,495,557
13,553,529,541,517
13,491,531,555