0
0
0
0
0
0
0,383,212
0
0,341,203,278,356,233
0,338,230
0
0
0,221
0,224,248
0,209
0,323
0,200
0,236
0
0,176
0
0,329
0,347
0,266
0
0,179
0,284
0,377,362
0,215,350,260
0,317,305
0
0
0
0
0
0
0
0
0
0
0
0
0
0
0
0
0
0
0
0
0
0
0
0
0,244
0,265
0,322
0,298
0,301
0,256
0,328
0,319
0,370
0,190
0,226
0,184
0
0,223
0,220
0,229
0,367
0,199
0,289
0,352
0,325
0,349
0,286
0,187
0,208
0,277
0,295
0,235
0,214
0,211
0,283
0,202
0,280
0,373
0,274
0,178
0,343
0,268
0,331
0,181
0,292
0,364
0,337
0,376
0,241
0,334
0,358
0,262
0,346
0,361
0,340
0,193
0,271
0,205
0,250
0,259
0,385
0,238
0,232
0,379
0,175
0,253
0,196
0,217
0,307
0,313
0,304
0,247
0,310
0,316
0,382
0,355
0,281,272,290,299
0
0,269
0,188,242
0,191,293
0,254
0,185,314
0,365,287
0,332,368
0,263,182
0,197,194,335,311,275,380
0,308,227
0,344
0
0
0
0,257
0,302
0,371,353,218
0,386,245
0,359,320,296,326
0,239,251
0,206
0,374
0
0
0
0
0
0
0
0
0
0
0
0
0
0
0
0
0
0
0
0
0
0
0
0
2,175
2,176
2
2,178
2,179
2
2,181
2,182
2
2,184
2,185
2
2,187
2,188
2
2,190
2,191
2
2,193
2,194
2
2,196
2,197
2
2,199
2,200
2
2,202
2,203
2
2,205
2,206
2
2,208
2,209
2
2,211
2,212
2
2,214
2,215
2
2,217
2,218
2
2,220
2,221
2
2,223
2,224
2
2,226
2,227
2
2,229
2,230
2
2,232
2,233
2
2,235
2,236
2
2,238
2,239
2
2,241
2,242
2
2,244
2,245
2
2,247
2,248
2
2,250
2,251
2
2,253
2,254
2
2,256
2,257
2
2,259
2,260
2
2,262
2,263
2
2,265
2,266
2
2,268
2,269
2
2,271
2,272
2
2,274
2,275
2
2,277
2,278
2
2,280
2,281
2
2,283
2,284
2
2,286
2,287
2
2,289
2,290
2
2,292
2,293
2
2,295
2,296
2
2,298
2,299
2
2,301
2,302
2
2,304
2,305
2
2,307
2,308
2
2,310
2,311
2
2,313
2,314
2
2,316
2,317
2
2,319
2,320
2
2,322
2,323
2
2,325
2,326
2
2,328
2,329
2
2,331
2,332
2
2,334
2,335
2
2,337
2,338
2
2,340
2,341
2
2,343
2,344
2
2,346
2,347
2
2,349
2,350
2
2,352
2,353
2
2,355
2,356
2
2,358
2,359
2
2,361
2,362
2
2,364
2,365
2
2,367
2,368
2
2,370
2,371
2
2,373
2,374
2
2,376
2,377
2
2,379
2,380
2
2,382
2,383
2
2,385
2,386
2
3,428,419,425
3,424,422,415,501
3,427,417,504
3,503,413,500,421
3,487,418,416,390,486,388,414,426,412,389,423,420,387
3,507,436,430,510
3,437,508,432
3,434,511
3,429,489,394,435,433,393,392,431,488
3,448,441,518
3,449,446,515,443
3,439,514,445,517
3,447,438,490,397,491,442,444,396,398,440
3,461,455,458,522
3,451,460,521,524
3,457,453,525
3,492,459,400,452,454,493,402,401,456,450
3,472,529,465,470
3,473,532,467
3,528,463,469,531
3,406,464,495,462,404,405,494,468,471,466
3,539,479,482
3,535,475,538,484
3,485,536,481,477
3,496,478,497,483,474,408,410,476,480,409
4,413
4
4,415
4
4,417
4
4,419
4
4,421
4,422
4
4,424
4,425
4
4,427
4,428
4
4,430
4
4,432
4
4,434
4
4,436
4,437
4
4,439
4
4,441
4
4,443
4
4,445
4,446
4
4,448
4,449
4
4,451
4
4,453
4
4,455
4
4,457
4,458
4
4,460
4,461
4
4,463
4
4,465
4
4,467
4
4,469
4,470
4
4,472
4,473
4
4,475
4
4,477
4
4,479
4
4,481
4,482
4
4,484
4,485
4
5,498
5,502
5,505
5,509
5,512
5,516
5,519
5,523
5,526
5,530
5,533
5,537
6,499
6,500
6,501
6
6,503
6,504
6
6,506
6,507
6,508
6
6,510
6,511
6
6,513
6,514
6,515
6
6,517
6,518
6
6,520
6,521
6,522
6
6,524
6,525
6
6,527
6,528
6,529
6
6,531
6,532
6
6,534
6,535
6,536
6
6,538
6,539
6
13,429,464,440
13,431,433
14,258,303,234,513,201,222,369,480,225,252,285,378,354,270,291,471,195,204,240,420,312,345,255,267,273,499,231,444,198,249,360,333,192,210,276,279,456,294,213,309,174,520,321,381,261,207,327,177,243,366,324,339,537,186,288,447,189,509,282,237,502,297,363,459,435,348,530,315,183,216,264,306,372,384,219,318,336,375,342,351,506,246,180,330,357,228,300
13,418
14,527,516,483,523,534,468
14,423,426
13,414,466,442,416,454,478
13,474,438,450,462
13,412,452,476