0
0
0
0
0
0
0,225
0,255,174
0
0,210
0,162,252
0,267,204
0,159
0,195,240,216,186
0,249,135
0
0
0,273,222,270,180,201
0,246,258
0
0,138,168,213
0
0
0
0
0
0
0
0
0
0
0
0
0
0
0
0
0
0
0,191
0,158
0,242
0,176
0,251
0,149
0,185
0,143
0,155
0,209
0,227
0,203
0,254
0,146
0,200
0,269
0,224
0,179
0,215
0,182
0,134
0,197
0,239
0,152
0,137
0,188
0,173
0,263
0,164
0,140
0,266
0,206
0,257
0,128
0,212
0,245
0
0,218
0,272
0,194
0,236
0,131
0,260
0,161
0,170
0,230
0,233
0,125
0,221
0,167
0,248
0,132,144
0,228,207
0,156
0
0
0
0,177,264
0
0,126
0,165,231
0,234,171,243
0,189
0,261
0,183,129,141
0,150,237
0,219,153,198
0,192,147
0
0
0
0
0
0
0
0
0
0
0
0
0
0
0
0
0
2,125
2,126
2
2,128
2,129
2
2,131
2,132
2
2,134
2,135
2
2,137
2,138
2
2,140
2,141
2
2,143
2,144
2
2,146
2,147
2
2,149
2,150
2
2,152
2,153
2
2,155
2,156
2
2,158
2,159
2
2,161
2,162
2
2,164
2,165
2
2,167
2,168
2
2,170
2,171
2
2,173
2,174
2
2,176
2,177
2
2,179
2,180
2
2,182
2,183
2
2,185
2,186
2
2,188
2,189
2
2,191
2,192
2
2,194
2,195
2
2,197
2,198
2
2,200
2,201
2
2,203
2,204
2
2,206
2,207
2
2,209
2,210
2
2,212
2,213
2
2,215
2,216
2
2,218
2,219
2
2,221
2,222
2
2,224
2,225
2
2,227
2,228
2
2,230
2,231
2
2,233
2,234
2
2,236
2,237
2
2,239
2,240
2
2,242
2,243
2
2,245
2,246
2
2,248
2,249
2
2,251
2,252
2
2,254
2,255
2
2,257
2,258
2
2,260
2,261
2
2,263
2,264
2
2,266
2,267
2
2,269
2,270
2
2,272
2,273
2
3,306,312,315
3,311,309,302,388
3,314,304,391
3,390,300,387,308
3,305,303,277,373,275,301,313,299,276,310,307,374,274
3,394,323,317,397
3,324,395,319
3,321,398
3,316,320,376,281,322,280,279,318,375
3,328,405,335
3,330,402,333,336
3,326,332,404,401
3,334,325,284,378,329,331,283,285,327,377
3,348,342,345,409
3,408,347,411,338
3,344,340,412
3,379,287,346,339,341,380,289,288,343,337
3,416,352,359,357
3,419,354,360
3,415,350,356,418
3,351,382,349,291,292,381,293,355,358,353
3,426,366,369
3,422,362,425,371
3,372,423,368,364
3,383,365,370,361,295,367,384,297,363,296
4,300
4
4,302
4
4,304
4
4,306
4
4,308
4,309
4
4,311
4,312
4
4,314
4,315
4
4,317
4
4,319
4
4,321
4
4,323
4,324
4
4,326
4
4,328
4
4,330
4
4,332
4,333
4
4,335
4,336
4
4,338
4
4,340
4
4,342
4
4,344
4,345
4
4,347
4,348
4
4,350
4
4,352
4
4,354
4
4,356
4,357
4
4,359
4,360
4
4,362
4
4,364
4
4,366
4
4,368
4,369
4
4,371
4,372
4
5,385
5,389
5,392
5,396
5,399
5,403
5,406
5,410
5,413
5,417
5,420
5,424
6,386
6,387
6,388
6
6,390
6,391
6
6,393
6,394
6,395
6
6,397
6,398
6
6,400
6,401
6,402
6
6,404
6,405
6
6,407
6,408
6,409
6
6,411
6,412
6
6,414
6,415
6,416
6
6,418
6,419
6
6,421
6,422
6,423
6
6,425
6,426
6
13,316,351,327
13,318,320
14,253,307,184,400,151,172,367,202,235,220,241,358,145,154,190,262,205,217,223,386,181,331,148,199,142,160,226,229,343,244,163,259,208,124,407,271,175,265,211,157,127,193,417,136,238,334,250,139,396,232,187,389,247,346,322,256,424,133,166,214,169,268,393,196,130,178
13,305
14,414,403,370,410,421,355
14,313,310
13,301,353,329,303,341,365
13,361,325,337,349
13,299,339,363