0
0
0
0
0,159,144
0,198,204,210,183,237
0
0,201,207,195,111,189
0,138,141,162
0,174
0
0,129,147
0,150,126,177
0,132,171,186
0,165
0,114
0
0
0,135
0
0
0
0
0
0
0
0
0
0
0
0
0
0
0
0,179
0,116
0
0,143
0,152
0,161
0,155
0,230
0,209
0,224
0,239
0,218
0,188
0,182
0,233
0,191
0,122
0,215
0,236
0,176
0,200
0,206
0,110
0,119
0,173
0,203
0,158
0,194
0,212
0,149
0,125
0,227
0,146
0,170
0,131
0,113
0,128
0,221
0,140
0,164
0,185
0,167
0,197
0,137
0,134
0,123
0,153
0,120
0,231
0,117,225
0,216,168
0,180
0,192,228
0,240
0
0
0,213,222,234
0,219
0
0,156
0
0
0
0
0
0
0
0
0
0
0
0
0
0
0
2,110
2,111
2
2,113
2,114
2
2,116
2,117
2
2,119
2,120
2
2,122
2,123
2
2,125
2,126
2
2,128
2,129
2
2,131
2,132
2
2,134
2,135
2
2,137
2,138
2
2,140
2,141
2
2,143
2,144
2
2,146
2,147
2
2,149
2,150
2
2,152
2,153
2
2,155
2,156
2
2,158
2,159
2
2,161
2,162
2
2,164
2,165
2
2,167
2,168
2
2,170
2,171
2
2,173
2,174
2
2,176
2,177
2
2,179
2,180
2
2,182
2,183
2
2,185
2,186
2
2,188
2,189
2
2,191
2,192
2
2,194
2,195
2
2,197
2,198
2
2,200
2,201
2
2,203
2,204
2
2,206
2,207
2
2,209
2,210
2
2,212
2,213
2
2,215
2,216
2
2,218
2,219
2
2,221
2,222
2
2,224
2,225
2
2,227
2,228
2
2,230
2,231
2
2,233
2,234
2
2,236
2,237
2
2,239
2,240
2
3,273,279,282
3,278,276,269,355
3,281,358,271
3,357,267,354,275
3,341,272,270,244,340,242,268,280,266,277,274,243,241
3,361,290,284,364
3,291,362,286
3,288,365
3,283,343,248,287,289,247,246,285,342
3,302,295,372
3,369,300,303,297
3,293,299,371,368
3,301,292,251,345,296,298,250,252,294,344
3,315,312,309,376
3,314,375,378,305
3,311,307,379
3,304,313,346,254,306,308,347,256,310,255
3,383,319,326,324
3,321,386,327
3,382,317,323,385
3,318,349,316,259,348,320,258,260,322,325
3,393,333,336
3,389,329,392,338
3,339,390,335,331
3,350,332,337,328,262,334,351,264,330,263
4,267
4
4,269
4
4,271
4
4,273
4
4,275
4,276
4
4,278
4,279
4
4,281
4,282
4
4,284
4
4,286
4
4,288
4
4,290
4,291
4
4,293
4
4,295
4
4,297
4
4,299
4,300
4
4,302
4,303
4
4,305
4
4,307
4
4,309
4
4,311
4,312
4
4,314
4,315
4
4,317
4
4,319
4
4,321
4
4,323
4,324
4
4,326
4,327
4
4,329
4
4,331
4
4,333
4
4,335
4,336
4
4,338
4,339
4
5,352
5,356
5,359
5,363
5,366
5,370
5,373
5,377
5,380
5,384
5,387
5,391
6,353
6,354
6,355
6
6,357
6,358
6
6,360
6,361
6,362
6
6,364
6,365
6
6,367
6,368
6,369
6
6,371
6,372
6
6,374
6,375
6,376
6
6,378
6,379
6
6,381
6,382
6,383
6
6,385
6,386
6
6,388
6,389
6,390
6
6,392
6,393
6
13,283,318,294
13,285,287
14,124,238,274,169,367,136,157,160,187,220,205,226,325,130,139,175,190,202,208,353,166,298,133,184,127,145,211,214,310,229,148,193,109,374,334,196,142,112,178,384,121,301,235,363,217,172,356,232,313,289,199,391,118,151,154,360,181,115,223,163
13,272
14,381,370,337,377,388,322
14,280,277
13,268,320,296,270,308,332
13,328,292,304,316
13,266,306,330