0
0
0
0
0,202
0,184
0,151,169
0,190
0
0
0
0,187,133
0,115
0,124,157,97
0,130,172,178
0,112,106
0,148
0
0
0
0
0
0
0
0
0
0
0
0
0
0,105
0
0,189
0,204
0,138
0,195
0,108
0,201
0,102
0,150
0,96
0,117
0,198
0,114
0,126
0,111
0,132
0,99
0,171
0,192
0,129
0,186
0,141
0,180
0,183
0,144
0,147
0,177
0,120
0,123
0,207
0,168
0,162
0,156
0,153
0,165
0,174
0,135
0,159
0,127,118
0,208
0,199,145
0,121
0,160
0,103,139,196
0
0,166,205
0,193
0,136,181,100,109
0
0,163,154
0,142,175
0
0
0
0
0
0
0
0
0
0
0
0
0
2,96
2,97
2
2,99
2,100
2
2,102
2,103
2
2,105
2,106
2
2,108
2,109
2
2,111
2,112
2
2,114
2,115
2
2,117
2,118
2
2,120
2,121
2
2,123
2,124
2
2,126
2,127
2
2,129
2,130
2
2,132
2,133
2
2,135
2,136
2
2,138
2,139
2
2,141
2,142
2
2,144
2,145
2
2,147
2,148
2
2,150
2,151
2
2,153
2,154
2
2,156
2,157
2
2,159
2,160
2
2,162
2,163
2
2,165
2,166
2
2,168
2,169
2
2,171
2,172
2
2,174
2,175
2
2,177
2,178
2
2,180
2,181
2
2,183
2,184
2
2,186
2,187
2
2,189
2,190
2
2,192
2,193
2
2,195
2,196
2
2,198
2,199
2
2,201
2,202
2
2,204
2,205
2
2,207
2,208
2
3,241,247,250
3,246,244,237,323
3,249,239,326
3,325,235,322,243
3,309,240,238,212,308,210,236,248,234,211,245,242,209
3,329,258,252,332
3,259,330,254
3,256,333
3,251,216,311,255,257,215,214,253,310
3,270,263,340
3,337,268,271,265
3,261,267,339,336
3,269,260,219,313,264,266,218,220,262,312
3,283,277,280,344
3,282,343,346,273
3,279,275,347
3,314,281,224,222,274,276,315,278,272,223
3,351,287,292,294
3,354,289,295
3,350,285,291,353
3,228,284,286,317,226,227,316,288,290,293
3,361,301,304
3,297,357,360,306
3,307,358,303,299
3,318,300,305,296,230,302,319,232,298,231
4,235
4
4,237
4
4,239
4
4,241
4
4,243
4,244
4
4,246
4,247
4
4,249
4,250
4
4,252
4
4,254
4
4,256
4
4,258
4,259
4
4,261
4
4,263
4
4,265
4
4,267
4,268
4
4,270
4,271
4
4,273
4
4,275
4
4,277
4
4,279
4,280
4
4,282
4,283
4
4,285
4
4,287
4
4,289
4
4,291
4,292
4
4,294
4,295
4
4,297
4
4,299
4
4,301
4
4,303
4,304
4
4,306
4,307
4
5,320
5,324
5,327
5,331
5,334
5,338
5,341
5,345
5,348
5,352
5,355
5,359
6,321
6,322
6,323
6
6,325
6,326
6
6,328
6,329
6,330
6
6,332
6,333
6
6,335
6,336
6,337
6
6,339
6,340
6
6,342
6,343
6,344
6
6,346
6,347
6
6,349
6,350
6,351
6
6,353
6,354
6
6,356
6,357
6,358
6
6,360
6,361
6
13,286,251,262
13,253,255
14,242,155,335,122,143,302,146,173,206,191,293,116,125,161,176,188,194,321,152,266,119,113,131,197,200,278,134,179,95,342,182,128,98,164,352,107,269,110,331,203,158,324,281,257,170,359,104,137,185,140,328,167,149,101
13,240
14,349,338,305,345,356,290
14,248,245
13,236,288,264,238,276,300
13,296,260,272,284
13,234,274,298