0
0
0
0
0
0
0
0
0
0,411
0,285
0
0,357,327,342,459
0,366
0,387,360
0
0,444,318,420
0,255
0,273,489,450
0,369
0
0,336,333,234
0,294
0,291
0,354,381
0
0,516
0
0,486,384,312
0,252
0,465
0,249
0,303
0,243
0,246,276
0,432,402
0,510
0
0,471
0,258,477
0
0
0
0
0
0
0
0
0
0
0
0
0
0
0
0
0
0
0
0
0
0
0
0
0
0
0
0
0
0
0
0
0,260
0,491
0,278
0,269
0,287
0,335
0,434
0,470
0,341
0,452
0,248
0,293
0,275
0,407
0,296
0,446
0,479
0,461
0,458
0,317
0,329
0,410
0,290
0,416
0,440
0,380
0,467
0,362
0,233
0,320
0,476
0,398
0,344
0,263
0,497
0,359
0,239
0,455
0,443
0,368
0,350
0,284
0,389
0,236
0,431
0,449
0,518
0,413
0,509
0,254
0,356
0,374
0,485
0,494
0,242
0,308
0,392
0,464
0,422
0,266
0,515
0,371
0,314
0,500
0,281
0,311
0,419
0,482
0,506
0,383
0,503
0,326
0,401
0,473
0,305
0,272
0,257
0,365
0,302
0,488
0,245
0,347
0,338
0,512
0,428
0,404
0,323
0,377
0,332
0,395
0,425
0,437
0,251
0,299
0,353
0,386
0,513,405
0,270,261
0,414,267
0,330
0,240
0,288
0,324,264,462
0,351,306,492
0,417
0,498,504,399,426
0,237,279,507,378
0
0,408,393,441
0,495,519,456
0
0,468,297
0,435,363
0,309,429,315,339
0,501
0,390
0,447,483
0
0,396,321
0
0
0,453
0
0
0,282,300,474,345
0
0,438,372,348
0,480,423,375
0
0
0
0
0
0
0
0
0
0
0
0
0
0
0
0
0
0
0
0
0
0
0
0
0
0
0
0
0
0
0
0
2,233
2,234
2
2,236
2,237
2
2,239
2,240
2
2,242
2,243
2
2,245
2,246
2
2,248
2,249
2
2,251
2,252
2
2,254
2,255
2
2,257
2,258
2
2,260
2,261
2
2,263
2,264
2
2,266
2,267
2
2,269
2,270
2
2,272
2,273
2
2,275
2,276
2
2,278
2,279
2
2,281
2,282
2
2,284
2,285
2
2,287
2,288
2
2,290
2,291
2
2,293
2,294
2
2,296
2,297
2
2,299
2,300
2
2,302
2,303
2
2,305
2,306
2
2,308
2,309
2
2,311
2,312
2
2,314
2,315
2
2,317
2,318
2
2,320
2,321
2
2,323
2,324
2
2,326
2,327
2
2,329
2,330
2
2,332
2,333
2
2,335
2,336
2
2,338
2,339
2
2,341
2,342
2
2,344
2,345
2
2,347
2,348
2
2,350
2,351
2
2,353
2,354
2
2,356
2,357
2
2,359
2,360
2
2,362
2,363
2
2,365
2,366
2
2,368
2,369
2
2,371
2,372
2
2,374
2,375
2
2,377
2,378
2
2,380
2,381
2
2,383
2,384
2
2,386
2,387
2
2,389
2,390
2
2,392
2,393
2
2,395
2,396
2
2,398
2,399
2
2,401
2,402
2
2,404
2,405
2
2,407
2,408
2
2,410
2,411
2
2,413
2,414
2
2,416
2,417
2
2,419
2,420
2
2,422
2,423
2
2,425
2,426
2
2,428
2,429
2
2,431
2,432
2
2,434
2,435
2
2,437
2,438
2
2,440
2,441
2
2,443
2,444
2
2,446
2,447
2
2,449
2,450
2
2,452
2,453
2
2,455
2,456
2
2,458
2,459
2
2,461
2,462
2
2,464
2,465
2
2,467
2,468
2
2,470
2,471
2
2,473
2,474
2
2,476
2,477
2
2,479
2,480
2
2,482
2,483
2
2,485
2,486
2
2,488
2,489
2
2,491
2,492
2
2,494
2,495
2
2,497
2,498
2
2,500
2,501
2
2,503
2,504
2
2,506
2,507
2
2,509
2,510
2
2,512
2,513
2
2,515
2,516
2
2,518
2,519
2
3,552,561,558
3,557,555,548,634
3,560,550,637
3,636,633,546,554
3,620,551,549,523,619,521,547,545,559,522,556,553,520
3,640,569,563,643
3,570,641,565
3,567,644
3,527,622,562,566,568,526,525,564,621
3,651,581,574
3,648,579,582,576
3,572,647,578,650
3,580,571,530,624,575,577,573,531,529,623
3,594,588,591,655
3,654,593,657,584
3,590,586,658
3,589,625,592,533,587,585,626,535,534,583
3,662,598,603,605
3,665,600,606
3,661,596,602,664
3,597,595,537,538,627,539,601,604,599,628
3,612,672,615
3,668,671,608,617
3,610,618,669,614
3,613,629,611,541,616,630,543,609,542,607
4,546
4
4,548
4
4,550
4
4,552
4
4,554
4,555
4
4,557
4,558
4
4,560
4,561
4
4,563
4
4,565
4
4,567
4
4,569
4,570
4
4,572
4
4,574
4
4,576
4
4,578
4,579
4
4,581
4,582
4
4,584
4
4,586
4
4,588
4
4,590
4,591
4
4,593
4,594
4
4,596
4
4,598
4
4,600
4
4,602
4,603
4
4,605
4,606
4
4,608
4
4,610
4
4,612
4
4,614
4,615
4
4,617
4,618
4
5,631
5,635
5,638
5,642
5,645
5,649
5,652
5,656
5,659
5,663
5,666
5,670
6,632
6,633
6,634
6
6,636
6,637
6
6,639
6,640
6,641
6
6,643
6,644
6
6,646
6,647
6,648
6
6,650
6,651
6
6,653
6,654
6,655
6
6,657
6,658
6
6,660
6,661
6,662
6
6,664
6,665
6
6,667
6,668
6,669
6
6,671
6,672
6
13,597,562,573
13,564,566
14,361,553,268,334,259,280,427,493,367,613,283,310,424,343,436,412,328,349,604,253,262,298,370,292,403,313,481,325,331,646,632,289,256,307,472,442,490,475,391,250,517,469,463,337,589,511,460,271,388,316,484,232,496,304,379,514,352,319,265,478,508,385,235,301,382,397,487,244,451,580,358,247,642,445,340,295,457,502,635,577,663,355,421,592,505,568,406,466,448,373,439,653,670,241,274,322,364,430,277,418,376,394,433,400,499,409,639,454,238,346,415,286
13,551
14,660,601,649,656,667,616
14,556,559
13,547,599,575,549,587,611
13,595,607,571,583
13,545,585,609