0
0
0
0
0
0
0
0
0
0,215
0,197,296,281,302
0,173,164
0,248,224
0
0,242,290,245,263
0,194,257
0,203
0,305
0,329
0
0,320
0,299
0,323,227
0,155,161,254
0,239
0,317
0,236
0
0
0
0
0
0
0
0
0
0
0
0
0
0
0
0
0
0
0
0
0
0,208
0,232
0,295
0,235
0,211
0,220
0,256
0,184
0,331
0,247
0,298
0,238
0,217
0,280
0,310
0,178
0,319
0,157
0,328
0,175
0,268
0,325
0,160
0,226
0,253
0,283
0,334
0
0,316
0,286
0,301
0,229
0,223
0,193
0,304
0
0,166
0,274
0,202
0,169
0,322
0,187
0,205
0,172
0,313
0,190
0,244
0,154
0,292
0,241
0,181
0,199
0,265
0,277
0,250
0,307
0,289
0,262
0,196
0,163
0,271
0,259
0,214
0
0,266
0,209
0,335,275,185
0,308,170,272
0,158,212
0,191,200
0,278,284
0,179,167,332
0,182,218,251
0
0,293,230
0,206,326,314
0,176
0,260,269
0,221
0,188
0
0,311
0
0,287,233
0
0
0
0
0
0
0
0
0
0
0
0
0
0
0
0
0
0
0
0
0
2,154
2,155
2
2,157
2,158
2
2,160
2,161
2
2,163
2,164
2
2,166
2,167
2
2,169
2,170
2
2,172
2,173
2
2,175
2,176
2
2,178
2,179
2
2,181
2,182
2
2,184
2,185
2
2,187
2,188
2
2,190
2,191
2
2,193
2,194
2
2,196
2,197
2
2,199
2,200
2
2,202
2,203
2
2,205
2,206
2
2,208
2,209
2
2,211
2,212
2
2,214
2,215
2
2,217
2,218
2
2,220
2,221
2
2,223
2,224
2
2,226
2,227
2
2,229
2,230
2
2,232
2,233
2
2,235
2,236
2
2,238
2,239
2
2,241
2,242
2
2,244
2,245
2
2,247
2,248
2
2,250
2,251
2
2,253
2,254
2
2,256
2,257
2
2,259
2,260
2
2,262
2,263
2
2,265
2,266
2
2,268
2,269
2
2,271
2,272
2
2,274
2,275
2
2,277
2,278
2
2,280
2,281
2
2,283
2,284
2
2,286
2,287
2
2,289
2,290
2
2,292
2,293
2
2,295
2,296
2
2,298
2,299
2
2,301
2,302
2
2,304
2,305
2
2,307
2,308
2
2,310
2,311
2
2,313
2,314
2
2,316
2,317
2
2,319
2,320
2
2,322
2,323
2
2,325
2,326
2
2,328
2,329
2
2,331
2,332
2
2,334
2,335
2
3,368,374,377
3,371,364,373,450
3,376,366,453
3,452,362,449,370
3,436,367,365,339,435,337,375,361,338,372,369,363,336
3,456,385,379,459
3,457,381,386
3,460,383
3,378,343,382,438,384,341,342,380,437
3,397,390,467
3,398,392,395,464
3,388,394,466,463
3,396,387,439,440,393,346,345,389,391,347
3,410,404,407,471
3,409,470,473,400
3,406,402,474
3,441,408,349,401,403,442,351,350,405,399
3,478,414,419,421
3,481,422,416
3,477,412,418,480
3,413,444,411,353,354,443,355,417,420,415
3,488,428,431
3,484,424,487,433
3,434,485,430,426
3,445,427,357,359,432,423,446,425,429,358
4,362
4
4,364
4
4,366
4
4,368
4
4,370
4,371
4
4,373
4,374
4
4,376
4,377
4
4,379
4
4,381
4
4,383
4
4,385
4,386
4
4,388
4
4,390
4
4,392
4
4,394
4,395
4
4,397
4,398
4
4,400
4
4,402
4
4,404
4
4,406
4,407
4
4,409
4,410
4
4,412
4
4,414
4
4,416
4
4,418
4,419
4
4,421
4,422
4
4,424
4
4,426
4
4,428
4
4,430
4,431
4
4,433
4,434
4
5,447
5,451
5,454
5,458
5,461
5,465
5,468
5,472
5,475
5,479
5,482
5,486
6,448
6,449
6,450
6
6,452
6,453
6
6,455
6,456
6,457
6
6,459
6,460
6
6,462
6,463
6,464
6
6,466
6,467
6
6,469
6,470
6,471
6
6,473
6,474
6
6,476
6,477
6,478
6
6,480
6,481
6
6,483
6,484
6,485
6
6,487
6,488
6
13,378,413,389
13,380,382
14,234,282,369,213,180,288,429,231,264,451,333,249,270,420,174,183,219,291,324,246,252,462,448,210,393,177,312,207,189,255,258,405,273,192,201,309,237,153,469,300,204,240,186,306,156,222,303,318,165,267,396,279,168,458,261,216,276,408,384,327,228,294,486,162,195,479,243,285,198,297,315,321,330,455,225,159,171
13,367
14,476,465,432,417,472,483
14,375,372
13,363,415,391,365,403,427
13,423,387,399,411
13,361,401,425