0
0,29,17,26
0,23
0
0
0,31
0,22
0,25
0,19
0,28
0,16
0
0,20,32
0
0
2,16
2,17
2
2,19
2,20
2
2,22
2,23
2
2,25
2,26
2
2,28
2,29
2
2,31
2,32
2
3,65,71,74
3,68,61,70,147
3,63,73,150
3,146,149,59,67
3,72,133,35,69,64,62,36,66,34,132,33,60,58
3,156,82,76,153
3,154,78,83
3,80,157
3,77,79,81,135,39,134,38,75,40
3,87,164,94
3,92,95,89,161
3,163,85,160,91
3,93,84,43,86,136,90,137,42,88,44
3,101,104,107,168
3,106,170,97,167
3,103,171,99
3,48,96,46,138,102,47,98,100,105,139
3,116,118,175,111
3,113,178,119
3,177,174,109,115
3,112,114,51,117,141,140,50,108,52,110
3,128,185,125
3,121,130,181,184
3,127,131,123,182
3,56,126,129,142,55,124,143,54,120,122
4,59
4
4,61
4
4,63
4
4,65
4
4,67
4,68
4
4,70
4,71
4
4,73
4,74
4
4,76
4
4,78
4
4,80
4
4,82
4,83
4
4,85
4
4,87
4
4,89
4
4,91
4,92
4
4,94
4,95
4
4,97
4
4,99
4
4,101
4
4,103
4,104
4
4,106
4,107
4
4,109
4
4,111
4
4,113
4
4,115
4,116
4
4,118
4,119
4
4,121
4
4,123
4
4,125
4
4,127
4,128
4
4,130
4,131
4
5,144
5,148
5,151
5,155
5,158
5,162
5,165
5,169
5,172
5,176
5,179
5,183
6,145
6,146
6,147
6
6,149
6,150
6
6,152
6,153
6,154
6
6,156
6,157
6
6,159
6,160
6,161
6
6,163
6,164
6
6,166
6,167
6,168
6
6,170
6,171
6
6,173
6,174
6,175
6
6,177
6,178
6
6,180
6,181
6,182
6
6,184
6,185
6
13,75,110,86
13,77,79
14,15,24,145,90,166,66,159,152,18,176,183,27,93,102,30,155,148,117,21,105,126,81
13,64
14,129,173,180,114,169,162
14,69,72
13,60,112,62,100,88,124
13,120,96,108,84
13,98,58,122