0
0
0
0
0
0,300,228,261,279,201
0,156
0,210,153,309
0,255
0
0
0,243,252
0
0,198,237
0,147
0
0,222,321
0,291,267,270,183,264
0
0,297
0
0
0
0
0,240,207,282
0
0
0
0
0
0
0
0
0
0
0
0
0
0
0
0
0
0
0
0
0,227
0,308
0,251
0,278
0,197
0,218
0,179
0,269
0,242
0,191
0,236
0,299
0,149
0,200
0,212
0,173
0,272
0,293
0
0,182
0,215
0,254
0,257
0,194
0,296
0,221
0,224
0,161
0,287
0,245
0,320
0,290
0,302
0,233
0,266
0,176
0,167
0,152
0,284
0,206
0,260
0,314
0,317
0,170
0,155
0,164
0,185
0,281
0,305
0,230
0,275
0,203
0,248
0,188
0,311
0,209
0,146
0,263
0,239
0,158
0,225,168
0
0,249,318
0
0
0,231
0,174
0,312,276,162
0,177,159,213,258
0,219,294
0
0,285
0,288
0,273,186,180,189
0,204
0,306,192,216,303
0
0,171,150
0,234,195,315,246
0,165
0
0
0
0
0
0
0
0
0
0
0
0
0
0
0
0
0
0
0
0
2,146
2,147
2
2,149
2,150
2
2,152
2,153
2
2,155
2,156
2
2,158
2,159
2
2,161
2,162
2
2,164
2,165
2
2,167
2,168
2
2,170
2,171
2
2,173
2,174
2
2,176
2,177
2
2,179
2,180
2
2,182
2,183
2
2,185
2,186
2
2,188
2,189
2
2,191
2,192
2
2,194
2,195
2
2,197
2,198
2
2,200
2,201
2
2,203
2,204
2
2,206
2,207
2
2,209
2,210
2
2,212
2,213
2
2,215
2,216
2
2,218
2,219
2
2,221
2,222
2
2,224
2,225
2
2,227
2,228
2
2,230
2,231
2
2,233
2,234
2
2,236
2,237
2
2,239
2,240
2
2,242
2,243
2
2,245
2,246
2
2,248
2,249
2
2,251
2,252
2
2,254
2,255
2
2,257
2,258
2
2,260
2,261
2
2,263
2,264
2
2,266
2,267
2
2,269
2,270
2
2,272
2,273
2
2,275
2,276
2
2,278
2,279
2
2,281
2,282
2
2,284
2,285
2
2,287
2,288
2
2,290
2,291
2
2,293
2,294
2
2,296
2,297
2
2,299
2,300
2
2,302
2,303
2
2,305
2,306
2
2,308
2,309
2
2,311
2,312
2
2,314
2,315
2
2,317
2,318
2
2,320
2,321
2
3,354,360,363
3,359,357,350,436
3,362,352,439
3,438,348,435,356
3,422,353,351,325,421,323,349,361,347,324,358,355,322
3,442,371,365,445
3,443,372,367
3,369,446
3,364,329,424,370,328,327,366,368,423
3,453,376,383
3,384,378,450,381
3,374,380,452,449
3,382,373,332,426,377,379,331,333,375,425
3,396,390,393,457
3,395,456,459,386
3,392,388,460
3,427,385,394,335,387,389,428,337,336,391
3,464,400,405,407
3,467,402,408
3,463,398,404,466
3,341,399,430,397,339,340,429,403,406,401
3,474,414,417
3,470,410,473,419
3,420,471,416,412
3,431,413,418,409,343,415,432,345,411,344
4,348
4
4,350
4
4,352
4
4,354
4
4,356
4,357
4
4,359
4,360
4
4,362
4,363
4
4,365
4
4,367
4
4,369
4
4,371
4,372
4
4,374
4
4,376
4
4,378
4
4,380
4,381
4
4,383
4,384
4
4,386
4
4,388
4
4,390
4
4,392
4,393
4
4,395
4,396
4
4,398
4
4,400
4
4,402
4
4,404
4,405
4
4,407
4,408
4
4,410
4
4,412
4
4,414
4
4,416
4,417
4
4,419
4,420
4
5,433
5,437
5,440
5,444
5,447
5,451
5,454
5,458
5,461
5,465
5,468
5,472
6,434
6,435
6,436
6
6,438
6,439
6
6,441
6,442
6,443
6
6,445
6,446
6
6,448
6,449
6,450
6
6,452
6,453
6
6,455
6,456
6,457
6
6,459
6,460
6
6,462
6,463
6,464
6
6,466
6,467
6
6,469
6,470
6,471
6
6,473
6,474
6
13,364,399,375
13,366,368
14,274,355,205,172,280,415,196,223,256,241,406,166,175,211,268,283,316,226,238,244,448,434,202,379,169,304,163,181,247,250,391,265,193,301,229,145,455,292,232,178,298,148,214,295,310,444,472,157,259,184,160,253,208,437,465,394,370,319,220,286,154,187,235,277,190,289,307,313,441,217,262,151,382,199,271
13,353
14,462,451,418,458,469,403
14,361,358
13,349,401,389,377,351,413
13,409,373,385,397
13,347,387,411