0
0
0
0
0
0,172,238
0
0
0,193,241
0,277,217,157
0,181
0,163
0,169,256
0,274,253
0
0,202,151
0,133,178
0,259,262,148
0,160
0,154,232
0,175,136
0,235
0,268
0
0
0
0
0
0
0
0
0
0
0
0
0
0
0
0
0
0
0,255
0,222
0,261
0,228
0,141
0,135
0,231
0,264
0,162
0,213
0,147
0,153
0,156
0,189
0,273
0,288
0,201
0,258
0,243
0,207
0,174
0,225
0,183
0,165
0,219
0,132
0,180
0,279
0,168
0,204
0,252
0,198
0,282
0,267
0,285
0
0,246
0,216
0,195
0,276
0,210
0,150
0,234
0,237
0,171
0,270
0,192
0,249
0,177
0,186
0,240
0,144
0,138
0,159
0,205
0,271
0,211,250
0,289
0,166,139,214
0
0,145
0,229,247
0,142,223
0,286,220,244
0,226,190
0,265,280,283
0,187
0,196
0,199
0
0,184
0,208
0
0
0
0
0
0
0
0
0
0
0
0
0
0
0
0
0
0
2,132
2,133
2
2,135
2,136
2
2,138
2,139
2
2,141
2,142
2
2,144
2,145
2
2,147
2,148
2
2,150
2,151
2
2,153
2,154
2
2,156
2,157
2
2,159
2,160
2
2,162
2,163
2
2,165
2,166
2
2,168
2,169
2
2,171
2,172
2
2,174
2,175
2
2,177
2,178
2
2,180
2,181
2
2,183
2,184
2
2,186
2,187
2
2,189
2,190
2
2,192
2,193
2
2,195
2,196
2
2,198
2,199
2
2,201
2,202
2
2,204
2,205
2
2,207
2,208
2
2,210
2,211
2
2,213
2,214
2
2,216
2,217
2
2,219
2,220
2
2,222
2,223
2
2,225
2,226
2
2,228
2,229
2
2,231
2,232
2
2,234
2,235
2
2,237
2,238
2
2,240
2,241
2
2,243
2,244
2
2,246
2,247
2
2,249
2,250
2
2,252
2,253
2
2,255
2,256
2
2,258
2,259
2
2,261
2,262
2
2,264
2,265
2
2,267
2,268
2
2,270
2,271
2
2,273
2,274
2
2,276
2,277
2
2,279
2,280
2
2,282
2,283
2
2,285
2,286
2
2,288
2,289
2
3,322,328,331
3,327,325,318,404
3,330,320,407
3,406,403,316,324
3,390,321,319,293,389,291,317,329,315,292,326,323,290
3,410,339,333,413
3,340,411,335
3,337,414
3,332,392,297,336,338,296,295,334,391
3,344,421,351
3,352,418,349,346
3,342,348,420,417
3,350,341,300,394,345,347,299,301,343,393
3,358,361,364,425
3,354,363,424,427
3,360,356,428
3,395,362,303,355,357,396,305,359,353,304
3,375,432,368,373
3,435,370,376
3,431,366,372,434
3,309,367,398,365,308,397,371,374,369,307
3,442,382,385
3,438,378,441,387
3,388,439,384,380
3,399,381,400,377,311,383,386,313,379,312
4,316
4
4,318
4
4,320
4
4,322
4
4,324
4,325
4
4,327
4,328
4
4,330
4,331
4
4,333
4
4,335
4
4,337
4
4,339
4,340
4
4,342
4
4,344
4
4,346
4
4,348
4,349
4
4,351
4,352
4
4,354
4
4,356
4
4,358
4
4,360
4,361
4
4,363
4,364
4
4,366
4
4,368
4
4,370
4
4,372
4,373
4
4,375
4,376
4
4,378
4
4,380
4
4,382
4
4,384
4,385
4
4,387
4,388
4
5,401
5,405
5,408
5,412
5,415
5,419
5,422
5,426
5,429
5,433
5,436
5,440
6,402
6,403
6,404
6
6,406
6,407
6
6,409
6,410
6,411
6
6,413
6,414
6
6,416
6,417
6,418
6
6,420
6,421
6
6,423
6,424
6,425
6
6,427
6,428
6
6,430
6,431
6,432
6
6,434
6,435
6
6,437
6,438
6,439
6
6,441
6,442
6
13,332,367,343
13,334,336
14,412,260,323,191,416,158,266,383,182,209,242,227,248,374,152,161,197,269,224,230,402,188,347,206,149,167,233,236,251,170,212,179,359,287,215,131,423,278,218,164,284,134,200,281,433,143,245,350,257,146,239,194,405,254,362,338,155,272,440,140,173,221,263,176,275,409,203,137,185
13,321
14,430,419,386,426,437,371
14,329,326
13,317,369,345,319,357,381
13,377,341,353,365
13,315,355,379