0
0
0,117
0,99,123,93
0
0,120,108
0,84,96,90
0,60,102
0,81,114,66
0,72
0
0
0
0
0
0
0
0
0,95
0,113
0,116
0,119
0,104
0,110
0,89
0,68
0,71
0,74
0
0,92
0,107
0,65
0,80
0,77
0,101
0,83
0,59
0,98
0,125
0,122
0,62
0,86
0
0,78,126,105
0,87,75
0,111
0
0
0,69
0,63
0
0
0
0
0
0
0
0
2,59
2,60
2
2,62
2,63
2
2,65
2,66
2
2,68
2,69
2
2,71
2,72
2
2,74
2,75
2
2,77
2,78
2
2,80
2,81
2
2,83
2,84
2
2,86
2,87
2
2,89
2,90
2
2,92
2,93
2
2,95
2,96
2
2,98
2,99
2
2,101
2,102
2
2,104
2,105
2
2,107
2,108
2
2,110
2,111
2
2,113
2,114
2
2,116
2,117
2
2,119
2,120
2
2,122
2,123
2
2,125
2,126
2
3,159,165,168
3,164,162,155,241
3,167,157,244
3,243,153,240,161
3,227,158,156,130,226,128,154,166,152,129,163,160,127
3,247,170,250,176
3,177,248,172
3,174,251
3,169,229,134,173,175,133,132,171,228
3,188,181,258
3,255,186,189,183
3,179,185,257,254
3,187,178,137,231,182,184,136,138,180,230
3,201,195,198,262
3,200,264,191,261
3,197,193,265
3,232,199,140,192,194,233,142,196,190,141
3,269,205,212,210
3,272,207,213
3,268,203,209,271
3,146,204,235,202,144,145,234,206,208,211
3,279,219,222
3,275,215,278,224
3,225,276,221,217
3,236,218,223,214,148,220,149,237,150,216
4,153
4
4,155
4
4,157
4
4,159
4
4,161
4,162
4
4,164
4,165
4
4,167
4,168
4
4,170
4
4,172
4
4,174
4
4,176
4,177
4
4,179
4
4,181
4
4,183
4
4,185
4,186
4
4,188
4,189
4
4,191
4
4,193
4
4,195
4
4,197
4,198
4
4,200
4,201
4
4,203
4
4,205
4
4,207
4
4,209
4,210
4
4,212
4,213
4
4,215
4
4,217
4
4,219
4
4,221
4,222
4
4,224
4,225
4
5,238
5,242
5,245
5,249
5,252
5,256
5,259
5,263
5,266
5,270
5,273
5,277
6,239
6,240
6,241
6
6,243
6,244
6
6,246
6,247
6,248
6
6,250
6,251
6
6,253
6,254
6,255
6
6,257
6,258
6
6,260
6,261
6,262
6
6,264
6,265
6
6,267
6,268
6,269
6
6,271
6,272
6
6,274
6,275
6,276
6
6,278
6,279
6
13,169,204,180
13,171,173
14,160,118,253,85,106,220,109,211,79,88,124,239,115,184,82,76,94,196,97,58,260,91,61,270,70,187,73,249,121,242,199,175,277,67,100,103,246,64,112
13,158
14,267,256,223,263,274,208
14,166,163
13,154,206,182,156,194,218
13,214,178,190,202
13,152,192,216