0
0
0
0
0,85,94
0,130
0
0
0,124
0,160,97,136
0,118
0,154,115,88
0,133
0,106,109,100,175
0
0
0
0
0
0
0
0
0
0
0
0,105
0,99
0,123
0,126
0,168
0,114
0,147
0,156
0,174
0,153
0,93
0,120
0,81
0,144
0,135
0,159
0,87
0,108
0,132
0,162
0,84
0,102
0,171
0
0,90
0,129
0,96
0,117
0,150
0,111
0,165
0,141
0,138
0
0,142
0,91,121
0,169,163,139
0,151,103
0,172,127,148
0,82
0,157,112,145
0
0
0,166
0
0
0
0
0
0
0
0
0
0
0
2,81
2,82
2
2,84
2,85
2
2,87
2,88
2
2,90
2,91
2
2,93
2,94
2
2,96
2,97
2
2,99
2,100
2
2,102
2,103
2
2,105
2,106
2
2,108
2,109
2
2,111
2,112
2
2,114
2,115
2
2,117
2,118
2
2,120
2,121
2
2,123
2,124
2
2,126
2,127
2
2,129
2,130
2
2,132
2,133
2
2,135
2,136
2
2,138
2,139
2
2,141
2,142
2
2,144
2,145
2
2,147
2,148
2
2,150
2,151
2
2,153
2,154
2
2,156
2,157
2
2,159
2,160
2
2,162
2,163
2
2,165
2,166
2
2,168
2,169
2
2,171
2,172
2
2,174
2,175
2
3,208,214,217
3,213,211,204,290
3,216,206,293
3,292,202,289,210
3,207,205,179,275,177,203,215,201,178,212,209,276,176
3,296,225,219,299
3,226,297,221
3,223,300
3,218,278,183,222,224,182,181,220,277
3,237,230,307
3,304,235,238,232
3,228,234,306,303
3,227,236,186,280,231,233,185,187,279,229
3,250,244,247,311
3,249,313,240,310
3,246,242,314
3,281,248,189,241,243,282,191,245,239,190
3,318,254,261,259
3,321,256,262
3,317,252,258,320
3,195,253,284,251,193,194,283,255,257,260
3,328,268,271
3,324,264,327,273
3,274,325,270,266
3,285,267,272,263,197,269,286,199,265,198
4,202
4
4,204
4
4,206
4
4,208
4
4,210
4,211
4
4,213
4,214
4
4,216
4,217
4
4,219
4
4,221
4
4,223
4
4,225
4,226
4
4,228
4
4,230
4
4,232
4
4,234
4,235
4
4,237
4,238
4
4,240
4
4,242
4
4,244
4
4,246
4,247
4
4,249
4,250
4
4,252
4
4,254
4
4,256
4
4,258
4,259
4
4,261
4,262
4
4,264
4
4,266
4
4,268
4
4,270
4,271
4
4,273
4,274
4
5,287
5,291
5,294
5,298
5,301
5,305
5,308
5,312
5,315
5,319
5,322
5,326
6,288
6,289
6,290
6
6,292
6,293
6
6,295
6,296
6,297
6
6,299
6,300
6
6,302
6,303
6,304
6
6,306
6,307
6
6,309
6,310
6,311
6
6,313
6,314
6
6,316
6,317
6,318
6
6,320
6,321
6
6,323
6,324
6,325
6
6,327
6,328
6
13,218,253,229
13,220,222
14,95,209,140,302,309,143,107,128,269,131,158,260,101,110,146,161,173,288,137,233,104,155,98,116,245,119,164,80,152,167,113,83,149,319,92,236,298,291,248,224,326,89,122,170,125,295,86,134
13,207
14,316,305,272,312,323,257
14,215,212
13,203,255,231,205,243,267
13,263,227,239,251
13,201,241,265