0
0
0
0
0
0
0
0,394,205,376
0
0,214,238,277,439
0,373,367
0,364
0
0
0,415,391,328
0,397,436
0
0,253
0,385
0
0
0,379,331,370
0,241
0,286,355
0
0,400
0,445,388
0,235
0,217,427,358
0
0,433,244,307
0
0
0,319,337
0
0
0
0
0
0
0
0
0
0
0
0
0
0
0
0
0
0
0
0
0
0
0
0
0
0
0
0
0
0
0,447
0,336
0,246
0,417
0,219
0,234
0
0,432
0,312
0,438
0,261
0,282
0,441
0,366
0,405
0,270
0,309
0,273
0,204
0,426
0,213
0,210
0,294
0,228
0,372
0,360
0,324
0,279
0,306
0,429
0,249
0,378
0,384
0,435
0,240
0,339
0,255
0,315
0,396
0,216
0,333
0,387
0,207
0,243
0,252
0,411
0,351
0,369
0,276
0,258
0,357
0,420
0,267
0,444
0,231
0,414
0,393
0,375
0,288
0,318
0,423
0,327
0,321
0,303
0,381
0,330
0,402
0,345
0,285
0,237
0,342
0,222
0,399
0,264
0,348
0,354
0,291
0,408
0,363
0,390
0,225
0,300
0,297
0,259,316
0,256,403
0,442
0,229,343
0,250,268,421
0,448
0,295,412
0,265
0
0,283,247,304
0,262,211
0,223,280,310
0
0
0,274,424
0,220
0,334,322
0,349,208,232
0
0,382,292,325,352
0,340
0,409
0,271
0,313
0,298,289,406
0,430,418
0,361,226
0,301,346
0
0
0
0
0
0
0
0
0
0
0
0
0
0
0
0
0
0
0
0
0
0
0
0
0
0
0
0
2,204
2,205
2
2,207
2,208
2
2,210
2,211
2
2,213
2,214
2
2,216
2,217
2
2,219
2,220
2
2,222
2,223
2
2,225
2,226
2
2,228
2,229
2
2,231
2,232
2
2,234
2,235
2
2,237
2,238
2
2,240
2,241
2
2,243
2,244
2
2,246
2,247
2
2,249
2,250
2
2,252
2,253
2
2,255
2,256
2
2,258
2,259
2
2,261
2,262
2
2,264
2,265
2
2,267
2,268
2
2,270
2,271
2
2,273
2,274
2
2,276
2,277
2
2,279
2,280
2
2,282
2,283
2
2,285
2,286
2
2,288
2,289
2
2,291
2,292
2
2,294
2,295
2
2,297
2,298
2
2,300
2,301
2
2,303
2,304
2
2,306
2,307
2
2,309
2,310
2
2,312
2,313
2
2,315
2,316
2
2,318
2,319
2
2,321
2,322
2
2,324
2,325
2
2,327
2,328
2
2,330
2,331
2
2,333
2,334
2
2,336
2,337
2
2,339
2,340
2
2,342
2,343
2
2,345
2,346
2
2,348
2,349
2
2,351
2,352
2
2,354
2,355
2
2,357
2,358
2
2,360
2,361
2
2,363
2,364
2
2,366
2,367
2
2,369
2,370
2
2,372
2,373
2
2,375
2,376
2
2,378
2,379
2
2,381
2,382
2
2,384
2,385
2
2,387
2,388
2
2,390
2,391
2
2,393
2,394
2
2,396
2,397
2
2,399
2,400
2
2,402
2,403
2
2,405
2,406
2
2,408
2,409
2
2,411
2,412
2
2,414
2,415
2
2,417
2,418
2
2,420
2,421
2
2,423
2,424
2
2,426
2,427
2
2,429
2,430
2
2,432
2,433
2
2,435
2,436
2
2,438
2,439
2
2,441
2,442
2
2,444
2,445
2
2,447
2,448
2
3,481,487,490
3,486,484,477,563
3,489,479,566
3,565,475,562,483
3,549,488,480,452,548,450,476,478,474,485,482,451,449
3,569,498,492,572
3,570,494,499
3,496,573
3,454,491,456,551,495,497,455,493,550
3,510,503,580
3,505,577,508,511
3,501,507,579,576
3,509,500,552,459,553,504,502,506,458,460
3,523,517,520,584
3,522,583,586,513
3,519,515,587
3,518,554,521,462,514,516,555,464,512,463
3,591,527,534,532
3,594,529,535
3,525,531,593,590
3,526,557,524,467,556,466,468,530,533,528
3,601,541,544
3,597,537,600,546
3,547,598,543,539
3,559,470,545,471,558,540,542,472,538,536
4,475
4
4,477
4
4,479
4
4,481
4
4,483
4,484
4
4,486
4,487
4
4,489
4,490
4
4,492
4
4,494
4
4,496
4
4,498
4,499
4
4,501
4
4,503
4
4,505
4
4,507
4,508
4
4,510
4,511
4
4,513
4
4,515
4
4,517
4
4,519
4,520
4
4,522
4,523
4
4,525
4
4,527
4
4,529
4
4,531
4,532
4
4,534
4,535
4
4,537
4
4,539
4
4,541
4
4,543
4,544
4
4,546
4,547
4
5,560
5,564
5,567
5,571
5,574
5,578
5,581
5,585
5,588
5,592
5,595
5,599
6,561
6,562
6,563
6
6,565
6,566
6
6,568
6,569
6,570
6
6,572
6,573
6
6,575
6,576
6,577
6
6,579
6,580
6
6,582
6,583
6,584
6
6,586
6,587
6
6,589
6,590
6,591
6
6,593
6,594
6
6,596
6,597
6,598
6
6,600
6,601
6
13,491,526,502
13,493,495
14,571,332,482,263,575,230,251,398,338,254,281,314,407,383,299,320,533,224,233,269,599,341,374,284,296,302,561,260,227,278,443,413,389,446,362,221,239,305,440,434,308,518,323,431,242,359,287,203,582,542,350,290,236,356,206,395,353,368,215,422,317,218,416,311,266,428,564,272,506,326,392,521,497,377,437,419,344,410,335,212,245,592,293,401,248,347,365,404,371,380,568,275,425,209,509,386,257,329
13,480
14,589,545,585,578,596,530
14,485,488
13,476,478,504,528,516,540
13,524,536,500,512
13,474,514,538