0
0
0
0
0
0
0
0
0,456
0
0,288
0
0,384
0,447,252,318,423
0,321
0,294,336
0,264,387,432,396
0,450
0,471
0,348,465,468
0,462
0,333
0,216,219
0,366
0,441,270,363
0
0,420,213
0
0,243
0,297,300
0,429,309,222,315,411
0,369,291,273
0,372,381,354,351
0,408
0,246,459,276,435
0,342,399
0,282,405
0
0
0
0
0
0
0
0
0
0
0
0
0
0
0
0
0
0
0
0
0
0
0
0
0
0
0
0
0
0,233
0,275
0,353
0,335
0,359
0,221
0,398
0,272
0,461
0,362
0,284
0,401
0,440
0,224
0,311
0,410
0,302
0,419
0,278
0,296
0,329
0,455
0,347
0,287
0,218
0,299
0,338
0,350
0,236
0,407
0,248
0,374
0,314
0,230
0,365
0,416
0,458
0,212
0,332
0,368
0,446
0,377
0,449
0,260
0,215
0,269
0,263
0,293
0,389
0,392
0,254
0,320
0,413
0,464
0,371
0,308
0,404
0,431
0,425
0,326
0,443
0,257
0,227
0,467
0,356
0,386
0,428
0,452
0,281
0,245
0,395
0,380
0,323
0,242
0,434
0,470
0,239
0,383
0,341
0,422
0,266
0,437
0,344
0,290
0,317
0,251
0,305
0,345,234
0
0,303
0,228
0,426
0
0,258
0
0,240,231
0,357
0
0,375,330,285
0
0,390,261
0
0,417
0,249
0,402
0,444
0,306,279
0,438,327
0
0,324,237
0,360
0,225,339
0,414,267
0,255,393
0,312
0,453,378
0
0
0
0
0
0
0
0
0
0
0
0
0
0
0
0
0
0
0
0
0
0
0
0
0
0
0
0
0
2,212
2,213
2
2,215
2,216
2
2,218
2,219
2
2,221
2,222
2
2,224
2,225
2
2,227
2,228
2
2,230
2,231
2
2,233
2,234
2
2,236
2,237
2
2,239
2,240
2
2,242
2,243
2
2,245
2,246
2
2,248
2,249
2
2,251
2,252
2
2,254
2,255
2
2,257
2,258
2
2,260
2,261
2
2,263
2,264
2
2,266
2,267
2
2,269
2,270
2
2,272
2,273
2
2,275
2,276
2
2,278
2,279
2
2,281
2,282
2
2,284
2,285
2
2,287
2,288
2
2,290
2,291
2
2,293
2,294
2
2,296
2,297
2
2,299
2,300
2
2,302
2,303
2
2,305
2,306
2
2,308
2,309
2
2,311
2,312
2
2,314
2,315
2
2,317
2,318
2
2,320
2,321
2
2,323
2,324
2
2,326
2,327
2
2,329
2,330
2
2,332
2,333
2
2,335
2,336
2
2,338
2,339
2
2,341
2,342
2
2,344
2,345
2
2,347
2,348
2
2,350
2,351
2
2,353
2,354
2
2,356
2,357
2
2,359
2,360
2
2,362
2,363
2
2,365
2,366
2
2,368
2,369
2
2,371
2,372
2
2,374
2,375
2
2,377
2,378
2
2,380
2,381
2
2,383
2,384
2
2,386
2,387
2
2,389
2,390
2
2,392
2,393
2
2,395
2,396
2
2,398
2,399
2
2,401
2,402
2
2,404
2,405
2
2,407
2,408
2
2,410
2,411
2
2,413
2,414
2
2,416
2,417
2
2,419
2,420
2
2,422
2,423
2
2,425
2,426
2
2,428
2,429
2
2,431
2,432
2
2,434
2,435
2
2,437
2,438
2
2,440
2,441
2
2,443
2,444
2
2,446
2,447
2
2,449
2,450
2
2,452
2,453
2
2,455
2,456
2
2,458
2,459
2
2,461
2,462
2
2,464
2,465
2
2,467
2,468
2
2,470
2,471
2
3,504,510,513
3,509,507,500,586
3,512,502,589
3,588,498,585,506
3,572,501,475,571,473,499,497,511,474,508,503,505,472
3,592,521,515,595
3,522,517,593
3,596,519
3,514,479,574,518,520,478,477,516,573
3,526,603,533
3,534,600,531,528
3,524,599,530,602
3,532,523,576,527,525,529,481,482,575,483
3,540,546,543,607
3,545,606,609,536
3,542,538,610
3,541,535,577,544,485,537,539,578,487,486
3,614,550,557,555
3,617,552,558
3,548,554,616,613
3,547,549,580,490,579,489,491,553,556,551
3,624,567,564
3,620,560,623,569
3,570,621,566,562
3,493,568,581,559,563,582,495,561,565,494
4,498
4
4,500
4
4,502
4
4,504
4
4,506
4,507
4
4,509
4,510
4
4,512
4,513
4
4,515
4
4,517
4
4,519
4
4,521
4,522
4
4,524
4
4,526
4
4,528
4
4,530
4,531
4
4,533
4,534
4
4,536
4
4,538
4
4,540
4
4,542
4,543
4
4,545
4,546
4
4,548
4
4,550
4
4,552
4
4,554
4,555
4
4,557
4,558
4
4,560
4
4,562
4
4,564
4
4,566
4,567
4
4,569
4,570
4
5,583
5,587
5,590
5,594
5,597
5,601
5,604
5,608
5,611
5,615
5,618
5,622
6,584
6,585
6,586
6
6,588
6,589
6
6,591
6,592
6,593
6
6,595
6,596
6
6,598
6,599
6,600
6
6,602
6,603
6
6,605
6,606
6,607
6
6,609
6,610
6
6,612
6,613
6,614
6
6,616
6,617
6
6,619
6,620
6,621
6
6,623
6,624
6
13,549,514,525
13,516,518
14,340,271,598,238,259,406,346,565,289,403,322,415,391,587,307,328,556,232,241,277,334,349,382,292,460,304,310,584,268,529,235,286,451,421,397,469,370,229,247,313,520,448,442,541,331,439,316,367,295,463,211,605,358,262,298,244,457,364,214,280,445,361,376,466,223,430,325,532,337,250,226,594,424,319,274,436,400,544,385,427,352,418,343,622,220,253,615,301,409,256,355,373,454,412,379,388,591,283,433,505,217,394,265
13,503
14,612,601,608,619,568,553
14,511,508
13,499,551,527,501,539,563
13,559,523,535,547
13,497,537,561