0
0
0
0
0
0
0
0,378
0,375,276,387
0
0,225
0
0,429,264,309
0,216,333
0,297,372
0
0
0,312
0,255,219,432
0,207
0,369
0,279,237
0,363
0,258
0,246
0,327,435
0,234,201
0,300,420
0,396,249
0,204
0,336,390
0,345,315
0,402
0,252
0
0
0
0
0
0
0
0
0
0
0
0
0
0
0
0
0
0
0
0
0
0
0
0
0
0
0
0,242
0,416
0,398
0,326
0,227
0,293
0,314
0,284
0,212
0,305
0,269
0,296
0,380
0,263
0,245
0,272
0,281
0,359
0,434
0,422
0,251
0,431
0,383
0,374
0,392
0,338
0,233
0,437
0,260
0,344
0,308
0,341
0,404
0,335
0,266
0,356
0,278
0,362
0,221
0,236
0,425
0,368
0,239
0,254
0,389
0,248
0,311
0,209
0,302
0,347
0,275
0,377
0,407
0,224
0,230
0,353
0,371
0,395
0,329
0,410
0,203
0,413
0,320
0,287
0,197
0,218
0,290
0,200
0,386
0,365
0,401
0,206
0,317
0,257
0,299
0,350
0,419
0,323
0,332
0,428
0,215
0,243
0,405
0,399,240
0,348,228
0,384,231
0,324
0,291,366,357
0,393,417,321
0,213
0,408
0,318
0,306
0,411,285
0,354
0,423,270
0
0,330
0,198,261
0,339
0,282,294
0,303,273,222,381
0,288
0
0,342,351
0,360,210,438,267
0,414,426
0
0
0
0
0
0
0
0
0
0
0
0
0
0
0
0
0
0
0
0
0
0
0
0
0
0
0
0
2,197
2,198
2
2,200
2,201
2
2,203
2,204
2
2,206
2,207
2
2,209
2,210
2
2,212
2,213
2
2,215
2,216
2
2,218
2,219
2
2,221
2,222
2
2,224
2,225
2
2,227
2,228
2
2,230
2,231
2
2,233
2,234
2
2,236
2,237
2
2,239
2,240
2
2,242
2,243
2
2,245
2,246
2
2,248
2,249
2
2,251
2,252
2
2,254
2,255
2
2,257
2,258
2
2,260
2,261
2
2,263
2,264
2
2,266
2,267
2
2,269
2,270
2
2,272
2,273
2
2,275
2,276
2
2,278
2,279
2
2,281
2,282
2
2,284
2,285
2
2,287
2,288
2
2,290
2,291
2
2,293
2,294
2
2,296
2,297
2
2,299
2,300
2
2,302
2,303
2
2,305
2,306
2
2,308
2,309
2
2,311
2,312
2
2,314
2,315
2
2,317
2,318
2
2,320
2,321
2
2,323
2,324
2
2,326
2,327
2
2,329
2,330
2
2,332
2,333
2
2,335
2,336
2
2,338
2,339
2
2,341
2,342
2
2,344
2,345
2
2,347
2,348
2
2,350
2,351
2
2,353
2,354
2
2,356
2,357
2
2,359
2,360
2
2,362
2,363
2
2,365
2,366
2
2,368
2,369
2
2,371
2,372
2
2,374
2,375
2
2,377
2,378
2
2,380
2,381
2
2,383
2,384
2
2,386
2,387
2
2,389
2,390
2
2,392
2,393
2
2,395
2,396
2
2,398
2,399
2
2,401
2,402
2
2,404
2,405
2
2,407
2,408
2
2,410
2,411
2
2,413
2,414
2
2,416
2,417
2
2,419
2,420
2
2,422
2,423
2
2,425
2,426
2
2,428
2,429
2
2,431
2,432
2
2,434
2,435
2
2,437
2,438
2
3,477,480,471
3,476,474,467,553
3,479,469,556
3,555,465,552,473
3,539,478,470,466,468,442,538,440,464,441,475,472,439
3,559,482,562,488
3,560,484,489
3,563,486
3,481,446,541,485,487,445,444,483,540
3,493,570,500
3,501,567,498,495
3,491,566,497,569
3,499,542,449,490,494,496,450,448,543,492
3,513,507,510,574
3,503,512,573,576
3,509,505,577
3,508,544,511,452,504,506,545,454,453,502
3,581,517,524,522
3,584,519,525
3,515,521,583,580
3,458,546,516,547,514,457,523,456,520,518
3,591,531,534
3,587,527,590,536
3,537,588,533,529
3,548,530,549,460,532,535,526,462,528,461
4,465
4
4,467
4
4,469
4
4,471
4
4,473
4,474
4
4,476
4,477
4
4,479
4,480
4
4,482
4
4,484
4
4,486
4
4,488
4,489
4
4,491
4
4,493
4
4,495
4
4,497
4,498
4
4,500
4,501
4
4,503
4
4,505
4
4,507
4
4,509
4,510
4
4,512
4,513
4
4,515
4
4,517
4
4,519
4
4,521
4,522
4
4,524
4,525
4
4,527
4
4,529
4
4,531
4
4,533
4,534
4
4,536
4,537
4
5,550
5,554
5,557
5,561
5,564
5,568
5,571
5,575
5,578
5,582
5,585
5,589
6,551
6,552
6,553
6
6,555
6,556
6
6,558
6,559
6,560
6
6,562
6,563
6
6,565
6,566
6,567
6
6,569
6,570
6
6,572
6,573
6,574
6
6,576
6,577
6
6,579
6,580
6,581
6
6,583
6,584
6
6,586
6,587
6,588
6
6,590
6,591
6
13,516,481,492
13,483,485
14,325,472,256,223,244,391,331,532,247,274,388,307,400,376,292,313,523,217,226,262,334,367,277,289,295,565,551,496,220,271,436,406,355,214,232,298,433,427,301,508,316,424,487,352,280,196,572,343,337,283,229,349,199,265,430,346,361,208,415,310,499,322,235,211,561,409,304,259,421,582,319,385,511,370,412,403,589,205,238,286,328,394,241,253,382,554,340,358,397,364,373,558,268,418,202,379,250
13,470
14,579,568,535,575,586,520
14,478,475
13,466,518,494,468,506,530
13,526,502,514,490
13,464,504,528