0
0
0
0
0,188,134,143
0
0,122
0,125
0
0,167,110
0,203,164
0,152
0,116,197
0
0,155
0,170,107,161
0,215,140,128
0,131,212,185,194,113
0
0
0
0
0
0
0
0
0
0
0
0
0
0
0,154
0,175
0,139
0,220
0,196
0,166
0,172
0,202
0,169
0,148
0,124
0,160
0,106
0,127
0,211
0,121
0,163
0,145
0,112
0,184
0,103
0,193
0
0,178
0,217
0,109
0,157
0,136
0,130
0,190
0,199
0,118
0,187
0,133
0,142
0,205
0,214
0
0,181
0,208
0,115
0,151
0,137,206
0,191,173
0,209,158
0
0,176,119,146
0,218
0
0
0
0,149
0,182
0,179,104
0
0,221,200
0
0
0
0
0
0
0
0
0
0
0
0
0
0
2,103
2,104
2
2,106
2,107
2
2,109
2,110
2
2,112
2,113
2
2,115
2,116
2
2,118
2,119
2
2,121
2,122
2
2,124
2,125
2
2,127
2,128
2
2,130
2,131
2
2,133
2,134
2
2,136
2,137
2
2,139
2,140
2
2,142
2,143
2
2,145
2,146
2
2,148
2,149
2
2,151
2,152
2
2,154
2,155
2
2,157
2,158
2
2,160
2,161
2
2,163
2,164
2
2,166
2,167
2
2,169
2,170
2
2,172
2,173
2
2,175
2,176
2
2,178
2,179
2
2,181
2,182
2
2,184
2,185
2
2,187
2,188
2
2,190
2,191
2
2,193
2,194
2
2,196
2,197
2
2,199
2,200
2
2,202
2,203
2
2,205
2,206
2
2,208
2,209
2
2,211
2,212
2
2,214
2,215
2
2,217
2,218
2
2,220
2,221
2
3,254,260,263
3,259,257,250,336
3,262,252,339
3,338,248,335,256
3,322,253,251,225,321,223,249,261,247,224,258,255,222
3,342,271,265,345
3,272,343,267
3,269,346
3,264,324,229,268,270,228,227,266,323
3,283,276,353
3,350,281,284,278
3,274,280,352,349
3,273,282,326,277,279,231,233,232,275,325
3,296,290,293,357
3,295,356,359,286
3,292,288,360
3,327,294,235,287,289,328,237,236,291,285
3,364,300,307,305
3,367,302,308
3,363,298,304,366
3,241,299,330,297,239,240,329,301,303,306
3,374,314,317
3,370,310,373,319
3,320,371,316,312
3,331,313,318,309,243,315,332,245,311,244
4,248
4
4,250
4
4,252
4
4,254
4
4,256
4,257
4
4,259
4,260
4
4,262
4,263
4
4,265
4
4,267
4
4,269
4
4,271
4,272
4
4,274
4
4,276
4
4,278
4
4,280
4,281
4
4,283
4,284
4
4,286
4
4,288
4
4,290
4
4,292
4,293
4
4,295
4,296
4
4,298
4
4,300
4
4,302
4
4,304
4,305
4
4,307
4,308
4
4,310
4
4,312
4
4,314
4
4,316
4,317
4
4,319
4,320
4
5,333
5,337
5,340
5,344
5,347
5,351
5,354
5,358
5,361
5,365
5,368
5,372
6,334
6,335
6,336
6
6,338
6,339
6
6,341
6,342
6,343
6
6,345
6,346
6
6,348
6,349
6,350
6
6,352
6,353
6
6,355
6,356
6,357
6
6,359
6,360
6
6,362
6,363
6,364
6
6,366
6,367
6
6,369
6,370
6,371
6
6,373
6,374
6
13,264,275,299
13,266,268
14,255,162,348,129,315,153,180,213,198,219,306,123,132,168,183,195,201,334,159,279,126,177,120,138,204,207,291,141,150,186,102,355,189,135,105,171,365,114,282,117,344,210,165,337,294,270,372,111,144,192,147,341,174,108,216,156
13,253
14,362,351,318,358,369,303
14,261,258
13,249,301,277,251,289,313
13,309,273,285,297
13,247,287,311