0,138
0,111
0,108
0,105
0,102
0,99
0,96
0,93
0,90
0,87
0,84
0,135
0,81
0,78
0,75
0,72
0,69
0,66
0,63
0,60
0,57
0,54
0,132
0,51
0,48
0,45
0,42
0,39
0,129
0,126
0,123
0,120
0,117
0,114
0
0
0
0,46,52,130,58,91,124,139,64,121,73,70,82,115,136,76,106,112,55,85,40,79,43,109,61,103,94,100,67,133,88,118,49,127,97
2,39
2,40
2
2,42
2,43
2
2,45
2,46
2
2,48
2,49
2
2,51
2,52
2
2,54
2,55
2
2,57
2,58
2
2,60
2,61
2
2,63
2,64
2
2,66
2,67
2
2,69
2,70
2
2,72
2,73
2
2,75
2,76
2
2,78
2,79
2
2,81
2,82
2
2,84
2,85
2
2,87
2,88
2
2,90
2,91
2
2,93
2,94
2
2,96
2,97
2
2,99
2,100
2
2,102
2,103
2
2,105
2,106
2
2,108
2,109
2
2,111
2,112
2
2,114
2,115
2
2,117
2,118
2
2,120
2,121
2
2,123
2,124
2
2,126
2,127
2
2,129
2,130
2
2,132
2,133
2
2,135
2,136
2
2,138
2,139
2
3,193,159,156,197
3,190,152,158,196
3,161,191,154
3,142,160,181,151,183,153,182,141,140,155,157
3,167,163,202
3,165,199
3,162,185,166,144,184,145,164
3,173,180,205,212
3,169,175,208,204
3,178,171,209,176
3,168,187,147,172,179,188,174,170,186,177,149,148
4,152
4
4,154
4
4,156
4
4,158
4,159
4
4,161
4
4,163
4
4,165
4
4,167
4
4,169
4
4,171
4
4,173
4
4,175
4,176
4
4,178
4
4,180
4
5,189
5,192
5,194
5,198
5,200
5,203
5,206
5,210
6,190
6,191
6
6,193
6
6,195
6,196
6,197
6
6,199
6
6,201
6,202
6
6,204
6,205
6
6,207
6,208
6,209
6
6,211
6,212
6
14,122,137,38,47,80,95,174,62,98,113,83,65,207,125,86,56,71,74,89,116,131,41,107,134,50,53,189,110,101,77,44,59,68,104,128,92,119
13,177,198,166,201,160
13,151,168
14,157,195,203
13,179,211,192
13,155,172
13,162,164,153,170