0,170
0,143
0,140
0,137
0,134
0,131
0,128
0,125
0,122
0,119
0,116
0,167
0,113
0,110
0,107
0,104
0,101
0,98
0,95
0,92
0,89
0,86
0,164
0,83
0,80
0,77
0,74
0,71
0,68
0,65
0,62
0,59
0,56
0,161
0,53
0,50
0,47
0,158
0,155
0,152
0,149
0,146
0
0
0
0,54,60,138,66,99,165,150,162,129,81,90,123,153,144,84,114,120,63,93,48,168,147,87,72,78,51,159,117,69,111,171,132,102,108,75,141,96,126,57,156,135,105
2,47
2,48
2
2,50
2,51
2
2,53
2,54
2
2,56
2,57
2
2,59
2,60
2
2,62
2,63
2
2,65
2,66
2
2,68
2,69
2
2,71
2,72
2
2,74
2,75
2
2,77
2,78
2
2,80
2,81
2
2,83
2,84
2
2,86
2,87
2
2,89
2,90
2
2,92
2,93
2
2,95
2,96
2
2,98
2,99
2
2,101
2,102
2
2,104
2,105
2
2,107
2,108
2
2,110
2,111
2
2,113
2,114
2
2,116
2,117
2
2,119
2,120
2
2,122
2,123
2
2,125
2,126
2
2,128
2,129
2
2,131
2,132
2
2,134
2,135
2
2,137
2,138
2
2,140
2,141
2
2,143
2,144
2
2,146
2,147
2
2,149
2,150
2
2,152
2,153
2
2,155
2,156
2
2,158
2,159
2
2,161
2,162
2
2,164
2,165
2
2,167
2,168
2
2,170
2,171
2
3,225,188,229,191
3,222,184,228,190
3,193,223,186
3,192,174,213,183,187,215,214,189,173,172,185
3,199,195,234
3,197,231
3,217,216,198,177,176,194,196
3,237,244,212,205
3,201,207,240,236
3,203,241,208,210
3,200,181,204,209,211,220,180,218,219,206,202,179
4,184
4
4,186
4
4,188
4
4,190
4,191
4
4,193
4
4,195
4
4,197
4
4,199
4
4,201
4
4,203
4
4,205
4
4,207
4,208
4
4,210
4
4,212
4
5,221
5,224
5,226
5,230
5,232
5,235
5,238
5,242
6,222
6,223
6
6,225
6
6,227
6,228
6,229
6
6,231
6
6,233
6,234
6
6,236
6,237
6
6,239
6,240
6,241
6
6,243
6,244
6
14,130,145,46,139,169,55,221,88,103,206,70,136,106,121,91,73,133,94,64,79,82,97,148,124,49,115,157,142,58,160,151,239,61,118,154,109,166,85,52,67,163,76,112,100,127
13,198,233,192,230,209
13,183,200
14,189,227,235
13,211,224,243
13,187,204
13,196,185,194,202