0,146
0,119
0,116
0,113
0,110
0,107
0,104
0,101
0,98
0,95
0,92
0,143
0,89
0,86
0,83
0,80
0,77
0,74
0,71
0,68
0,65
0,62
0,140
0,59
0,56
0,53
0,50
0,47
0,44
0,41
0,137
0,134
0,131
0,128
0,125
0,122
0
0
0
0,48,54,132,60,93,126,102,144,75,135,84,117,147,138,78,108,114,57,87,42,141,81,66,72,45,111,63,105,123,96,69,90,120,51,129,99
2,41
2,42
2
2,44
2,45
2
2,47
2,48
2
2,50
2,51
2
2,53
2,54
2
2,56
2,57
2
2,59
2,60
2
2,62
2,63
2
2,65
2,66
2
2,68
2,69
2
2,71
2,72
2
2,74
2,75
2
2,77
2,78
2
2,80
2,81
2
2,83
2,84
2
2,86
2,87
2
2,89
2,90
2
2,92
2,93
2
2,95
2,96
2
2,98
2,99
2
2,101
2,102
2
2,104
2,105
2
2,107
2,108
2
2,110
2,111
2
2,113
2,114
2
2,116
2,117
2
2,119
2,120
2
2,122
2,123
2
2,125
2,126
2
2,128
2,129
2
2,131
2,132
2
2,134
2,135
2
2,137
2,138
2
2,140
2,141
2
2,143
2,144
2
2,146
2,147
2
3,201,164,205,167
3,198,160,204,166
3,169,199,162
3,168,150,189,159,191,161,190,165,149,148,163
3,171,175,210
3,173,207
3,170,193,174,152,192,153,172
3,181,213,188,220
3,177,212,183,216
3,179,184,217,186
3,176,157,180,187,196,156,195,194,178,185,182,155
4,160
4
4,162
4
4,164
4
4,166
4,167
4
4,169
4
4,171
4
4,173
4
4,175
4
4,177
4
4,179
4
4,181
4
4,183
4,184
4
4,186
4
4,188
4
5,197
5,200
5,202
5,206
5,208
5,211
5,214
5,218
6,198
6,199
6
6,201
6
6,203
6,204
6,205
6
6,207
6
6,209
6,210
6
6,212
6,213
6
6,215
6,216
6,217
6
6,219
6,220
6
14,124,139,40,133,215,49,82,97,182,64,130,100,115,142,85,67,118,127,88,58,73,76,91,43,136,52,145,55,197,112,103,94,109,79,46,61,70,106,121
13,185,209,206,168,174
13,159,176
14,165,203,211
13,187,219,200
13,163,180
13,172,170,161,178