0,162
0,135
0,132
0,129
0,126
0,123
0,120
0,117
0,114
0,111
0,108
0,159
0,105
0,102
0,99
0,96
0,93
0,90
0,87
0,84
0,81
0,78
0,156
0,75
0,72
0,69
0,66
0,63
0,60
0,57
0,54
0,51
0,48
0,153
0,45
0,150
0,147
0,144
0,141
0,138
0
0
0
0,52,58,64,97,163,55,148,160,127,79,88,121,142,82,124,112,118,61,46,91,151,145,85,70,76,157,49,136,115,67,109,130,154,100,106,73,139,94,133,103
2,45
2,46
2
2,48
2,49
2
2,51
2,52
2
2,54
2,55
2
2,57
2,58
2
2,60
2,61
2
2,63
2,64
2
2,66
2,67
2
2,69
2,70
2
2,72
2,73
2
2,75
2,76
2
2,78
2,79
2
2,81
2,82
2
2,84
2,85
2
2,87
2,88
2
2,90
2,91
2
2,93
2,94
2
2,96
2,97
2
2,99
2,100
2
2,102
2,103
2
2,105
2,106
2
2,108
2,109
2
2,111
2,112
2
2,114
2,115
2
2,117
2,118
2
2,120
2,121
2
2,123
2,124
2
2,126
2,127
2
2,129
2,130
2
2,132
2,133
2
2,135
2,136
2
2,138
2,139
2
2,141
2,142
2
2,144
2,145
2
2,147
2,148
2
2,150
2,151
2
2,153
2,154
2
2,156
2,157
2
2,159
2,160
2
2,162
2,163
2
3,183,217,180,221
3,176,220,214,182
3,185,215,178
3,184,177,207,181,165,205,175,206,164,179,166
3,191,187,226
3,189,223
3,186,209,208,190,168,169,188
3,229,197,204,236
3,193,228,199,232
3,195,233,200,202
3,192,211,171,196,201,203,212,210,198,173,194,172
4,176
4
4,178
4
4,180
4
4,182
4,183
4
4,185
4
4,187
4
4,189
4
4,191
4
4,193
4
4,195
4
4,197
4
4,199
4,200
4
4,202
4
4,204
4
5,213
5,216
5,218
5,222
5,224
5,227
5,230
5,234
6,214
6,215
6
6,217
6
6,219
6,220
6,221
6
6,223
6
6,225
6,226
6
6,228
6,229
6
6,231
6,232
6,233
6
6,235
6,236
6
14,128,44,137,53,213,143,86,101,198,134,119,80,89,71,231,131,92,62,77,95,146,47,113,104,155,140,161,56,149,59,116,152,107,83,50,65,158,74,110,122,68,125,98
13,201,184,190,225,222
13,175,192
14,181,227,219
13,203,235,216
13,179,196
13,188,177,186,194