0,42
0,15
0,39
0,36
0,33
0,30
0,27
0,24
0,21
0,18
0
0
0
0,22,28,34,43,31,16,40,19,37,25
2,15
2,16
2
2,18
2,19
2
2,21
2,22
2
2,24
2,25
2
2,27
2,28
2
2,30
2,31
2
2,33
2,34
2
2,36
2,37
2
2,39
2,40
2
2,42
2,43
2
3,97,60,101,63
3,94,56,100,62
3,65,95,58
3,64,46,87,85,55,57,86,45,44,59,61
3,71,67,106
3,69,103
3,66,89,68,70,88,49,48
3,109,77,84,116
3,79,112,73,108
3,80,113,82,75
3,72,76,83,51,92,91,78,90,74,81,53,52
4,56
4
4,58
4
4,60
4
4,62
4,63
4
4,65
4
4,67
4
4,69
4
4,71
4
4,73
4
4,75
4
4,77
4
4,79
4,80
4
4,82
4
4,84
4
5,93
5,96
5,98
5,102
5,104
5,107
5,110
5,114
6,94
6,95
6
6,97
6
6,99
6,100
6,101
6
6,103
6
6,105
6,106
6
6,108
6,109
6
6,111
6,112
6,113
6
6,115
6,116
6
14,14,23,93,78,38,41,32,17,26,29,111,20,35
13,70,102,81,64,105
13,72,55
14,61,107,99
13,83,115,96
13,59,76
13,68,57,66,74