0,154
0,127
0,124
0,121
0,118
0,115
0,112
0,109
0,106
0,103
0,100
0,151
0,97
0,94
0,91
0,88
0,85
0,82
0,79
0,76
0,73
0,70
0,148
0,67
0,64
0,61
0,58
0,55
0,52
0,49
0,46
0,43
0,145
0,142
0,139
0,136
0,133
0,130
0
0
0
0,50,56,134,62,95,83,143,53,146,125,77,86,119,149,140,80,110,116,59,89,44,68,74,155,47,113,65,107,128,98,104,71,137,92,122,152,131,101
2,43
2,44
2
2,46
2,47
2
2,49
2,50
2
2,52
2,53
2
2,55
2,56
2
2,58
2,59
2
2,61
2,62
2
2,64
2,65
2
2,67
2,68
2
2,70
2,71
2
2,73
2,74
2
2,76
2,77
2
2,79
2,80
2
2,82
2,83
2
2,85
2,86
2
2,88
2,89
2
2,91
2,92
2
2,94
2,95
2
2,97
2,98
2
2,100
2,101
2
2,103
2,104
2
2,106
2,107
2
2,109
2,110
2
2,112
2,113
2
2,115
2,116
2
2,118
2,119
2
2,121
2,122
2
2,124
2,125
2
2,127
2,128
2
2,130
2,131
2
2,133
2,134
2
2,136
2,137
2
2,139
2,140
2
2,142
2,143
2
2,145
2,146
2
2,148
2,149
2
2,151
2,152
2
2,154
2,155
2
3,209,172,213,175
3,206,168,212,174
3,177,207,170
3,176,158,157,197,167,171,199,169,198,173,156
3,183,179,218
3,181,215
3,178,182,161,160,200,201,180
3,196,228,221,189
3,185,191,224,220
3,187,192,225,194
3,184,188,165,163,195,204,190,203,202,186,193,164
4,168
4
4,170
4
4,172
4
4,174
4,175
4
4,177
4
4,179
4
4,181
4
4,183
4
4,185
4
4,187
4
4,189
4
4,191
4,192
4
4,194
4
4,196
4
5,205
5,208
5,210
5,214
5,216
5,219
5,222
5,226
6,206
6,207
6
6,209
6
6,211
6,212
6,213
6
6,215
6
6,217
6,218
6
6,220
6,221
6
6,223
6,224
6,225
6
6,227
6,228
6
14,141,42,135,51,126,84,99,190,132,102,117,87,69,223,90,60,75,78,93,144,120,45,111,153,138,54,147,57,205,114,150,105,96,81,48,63,72,129,108,66,123
13,193,214,217,182,176
13,184,167
14,219,211,173
13,195,208,227
13,171,188
13,180,169,178,186