0,130
0,103
0,100
0,97
0,94
0,91
0,88
0,85
0,82
0,79
0,76
0,127
0,73
0,70
0,67
0,64
0,61
0,58
0,55
0,52
0,49
0,46
0,124
0,43
0,40
0,37
0,121
0,118
0,115
0,112
0,109
0,106
0
0
0
0,44,50,128,56,89,119,110,80,113,74,104,71,53,83,41,38,77,62,68,107,59,101,122,92,98,65,131,86,116,47,125,95
2,37
2,38
2
2,40
2,41
2
2,43
2,44
2
2,46
2,47
2
2,49
2,50
2
2,52
2,53
2
2,55
2,56
2
2,58
2,59
2
2,61
2,62
2
2,64
2,65
2
2,67
2,68
2
2,70
2,71
2
2,73
2,74
2
2,76
2,77
2
2,79
2,80
2
2,82
2,83
2
2,85
2,86
2
2,88
2,89
2
2,91
2,92
2
2,94
2,95
2
2,97
2,98
2
2,100
2,101
2
2,103
2,104
2
2,106
2,107
2
2,109
2,110
2
2,112
2,113
2
2,115
2,116
2
2,118
2,119
2
2,121
2,122
2
2,124
2,125
2
2,127
2,128
2
2,130
2,131
2
3,151,148,185,189
3,182,144,188,150
3,153,183,146
3,145,152,173,143,134,147,175,174,149,133,132
3,159,155,194
3,157,191
3,154,158,136,176,137,177,156
3,204,197,165,172
3,161,167,200,196
3,163,201,168,170
3,160,164,141,171,180,140,179,166,178,162,169,139
4,144
4
4,146
4
4,148
4
4,150
4,151
4
4,153
4
4,155
4
4,157
4
4,159
4
4,161
4
4,163
4
4,165
4
4,167
4,168
4
4,170
4
4,172
4
5,181
5,184
5,186
5,190
5,192
5,195
5,198
5,202
6,182
6,183
6
6,185
6
6,187
6,188
6,189
6
6,191
6
6,193
6,194
6
6,196
6,197
6
6,199
6,200
6,201
6
6,203
6,204
6
14,120,36,129,45,181,78,93,166,60,126,96,111,81,63,199,123,54,69,72,87,114,39,105,48,51,108,99,75,42,57,66,102,84,90,117
13,169,190,158,193,152
13,143,160
14,187,195,149
13,171,184,203
13,147,164
13,156,145,154,162