0,106
0,79
0,76
0,73
0,70
0,67
0,64
0,61
0,58
0,55
0,52
0,103
0,49
0,46
0,43
0,40
0,37
0,34
0,31
0,100
0,97
0,94
0,91
0,88
0,85
0,82
0
0
0
0,38,44,50,83,101,65,62,74,107,68,98,104,77,32,47,71,56,35,53,41,95,86,92,59,80,89
2,31
2,32
2
2,34
2,35
2
2,37
2,38
2
2,40
2,41
2
2,43
2,44
2
2,46
2,47
2
2,49
2,50
2
2,52
2,53
2
2,55
2,56
2
2,58
2,59
2
2,61
2,62
2
2,64
2,65
2
2,67
2,68
2
2,70
2,71
2
2,73
2,74
2
2,76
2,77
2
2,79
2,80
2
2,82
2,83
2
2,85
2,86
2
2,88
2,89
2
2,91
2,92
2
2,94
2,95
2
2,97
2,98
2
2,100
2,101
2
2,103
2,104
2
2,106
2,107
2
3,127,161,124,165
3,158,120,164,126
3,129,159,122
3,128,110,149,119,123,151,121,150,109,108,125
3,170,135,131
3,133,167
3,130,132,134,113,112,152,153
3,180,173,141,148
3,137,143,172,176
3,146,139,144,177
3,136,140,115,147,156,155,142,154,138,145,117,116
4,120
4
4,122
4
4,124
4
4,126
4,127
4
4,129
4
4,131
4
4,133
4
4,135
4
4,137
4
4,139
4
4,141
4
4,143
4,144
4
4,146
4
4,148
4
5,157
5,160
5,162
5,166
5,168
5,171
5,174
5,178
6,158
6,159
6
6,161
6
6,163
6,164
6,165
6
6,167
6
6,169
6,170
6
6,172
6,173
6
6,175
6,176
6,177
6
6,179
6,180
6
14,30,157,72,87,142,90,105,75,78,48,63,66,81,33,99,39,42,175,45,102,93,69,36,51,60,96,57,54,84
13,145,134,169,166,128
13,136,119
14,125,171,163
13,147,160,179
13,123,140
13,132,121,130,138